[ 0 0.6030635628995297 4.47227191413238 0 0 ]
[ 1 0.6030635628995297 4.47227191413238 0 0 ]
[ 2 0.6030635628995297 4.47227191413238 0 0 ]
[ 3 0.6030635628995297 4.47227191413238 0 0 ]
[ 4 0.5065733928356049 3.7567084078711988 0 0 ]
[ 5 0.5065733928356049 3.7567084078711988 0 0 ]
[ 6 0.2894705101917742 2.146690518783542 0 0 ]
[ 7 0.2894705101917742 2.146690518783542 0 0 ]
[ 8 0.1809190688698589 1.3416815742397137 0 0 ]
[ 9 0.1809190688698589 1.3416815742397137 0 0 ]
[ 10 0.1809190688698589 1.3416815742397137 0 0 ]
[ 11 0.1688577976118683 1.2522361359570662 0 0 ]
[ 12 0.19298034012784948 1.4311270125223614 0 0 ]
[ 13 0.1688577976118683 1.2522361359570662 0 0 ]
[ 14 0.1688577976118683 1.2522361359570662 0 0 ]
[ 15 0.1688577976118683 1.2522361359570662 0 0 ]
[ 16 0.10855144132191533 0.8050089445438283 0 0 ]
[ 17 0.12061271257990593 0.8944543828264758 0 0 ]
[ 18 0.13267398383789653 0.9838998211091234 0 0 ]
[ 19 0.09649017006392474 0.7155635062611807 0 0 ]
[ 20 0.06030635628995296 0.4472271914132379 0 0 ]
[ 21 0.10855144132191533 0.8050089445438283 0 0 ]
[ 22 0.06030635628995296 0.4472271914132379 0 0 ]
[ 23 0.04824508503196237 0.35778175313059035 0 0 ]
[ 24 0.08442889880593415 0.6261180679785331 0 0 ]
[ 25 0.04824508503196237 0.35778175313059035 0 0 ]
[ 26 0.04824508503196237 0.35778175313059035 0 0 ]
[ 27 0.03618381377397178 0.26833631484794274 0 0 ]
[ 28 0.04824508503196237 0.35778175313059035 0 0 ]
[ 29 0.03618381377397178 0.26833631484794274 0 0 ]
[ 30 0.03618381377397178 0.26833631484794274 0 0 ]
[ 31 0.03618381377397178 0.26833631484794274 0 0 ]
[ 32 0.03618381377397178 0.26833631484794274 0 0 ]
[ 33 0.03618381377397178 0.26833631484794274 0 0 ]
[ 34 0.03618381377397178 0.26833631484794274 0 0 ]
[ 35 0.03618381377397178 0.26833631484794274 0 0 ]
[ 36 0.03618381377397178 0.26833631484794274 0 0 ]
[ 37 0.03618381377397178 0.26833631484794274 0 0 ]
[ 38 0.03618381377397178 0.26833631484794274 0 0 ]
[ 39 0.03618381377397178 0.26833631484794274 0 0 ]
[ 40 0.03618381377397178 0.26833631484794274 0 0 ]
[ 41 0.03618381377397178 0.26833631484794274 0 0 ]
[ 42 0.03618381377397178 0.26833631484794274 0 0 ]
[ 43 0.03618381377397178 0.26833631484794274 0 0 ]
[ 44 0.03618381377397178 0.26833631484794274 0 0 ]
[ 45 0.03618381377397178 0.26833631484794274 0 0 ]
[ 46 0.03618381377397178 0.26833631484794274 0 0 ]
[ 47 0.03618381377397178 0.26833631484794274 0 0 ]
[ 48 0.03618381377397178 0.26833631484794274 0 0 ]
[ 49 0.03618381377397178 0.26833631484794274 0 0 ]
[ 50 0.03618381377397178 0.26833631484794274 0 0 ]
[ 51 0.03618381377397178 0.26833631484794274 0 0 ]
[ 52 0.03618381377397178 0.26833631484794274 0 0 ]
[ 53 0.03618381377397178 0.26833631484794274 0 0 ]
[ 54 0.03618381377397178 0.26833631484794274 0 0 ]
[ 55 0.03618381377397178 0.26833631484794274 0 0 ]
[ 56 0.03618381377397178 0.26833631484794274 0 0 ]
[ 57 0.03618381377397178 0.26833631484794274 0 0 ]
[ 58 0.03618381377397178 0.26833631484794274 0 0 ]
[ 59 0.03618381377397178 0.26833631484794274 0 0 ]
[ 60 0.03618381377397178 0.26833631484794274 0 0 ]
[ 61 0.03618381377397178 0.26833631484794274 0 0 ]
[ 62 0.03618381377397178 0.26833631484794274 0 0 ]
[ 63 0.03618381377397178 0.26833631484794274 0 0 ]
[ 64 0.03618381377397178 0.26833631484794274 0 0 ]
[ 65 0.03618381377397178 0.26833631484794274 0 0 ]
[ 66 0.03618381377397178 0.26833631484794274 0 0 ]
[ 67 0.03618381377397178 0.26833631484794274 0 0 ]
[ 68 0.03618381377397178 0.26833631484794274 0 0 ]
[ 69 0.03618381377397178 0.26833631484794274 0 0 ]
[ 70 0.03618381377397178 0.26833631484794274 0 0 ]
[ 71 0.03618381377397178 0.26833631484794274 0 0 ]
[ 72 0.03618381377397178 0.26833631484794274 0 0 ]
[ 73 0.04824508503196237 0.35778175313059035 0 0 ]
[ 74 0.03618381377397178 0.26833631484794274 0 0 ]
[ 75 0.08442889880593415 0.6261180679785331 0 0 ]
[ 76 0.03618381377397178 0.26833631484794274 0 0 ]
[ 77 0.08442889880593415 0.6261180679785331 0 0 ]
[ 78 0.03618381377397178 0.26833631484794274 0 0 ]
[ 79 0.03618381377397178 0.26833631484794274 0 0 ]
[ 80 0.03618381377397178 0.26833631484794274 0 0 ]
[ 81 0.03618381377397178 0.26833631484794274 0 0 ]
[ 82 0.03618381377397178 0.26833631484794274 0 0 ]
[ 83 0.03618381377397178 0.26833631484794274 0 0 ]
[ 84 0.03618381377397178 0.26833631484794274 0 0 ]
[ 85 0.03618381377397178 0.26833631484794274 0 0 ]
[ 86 0.03618381377397178 0.26833631484794274 0 0 ]
[ 87 0.03618381377397178 0.26833631484794274 0 0 ]
[ 88 0.03618381377397178 0.26833631484794274 0 0 ]
[ 89 0.03618381377397178 0.26833631484794274 0 0 ]
[ 90 0.03618381377397178 0.26833631484794274 0 0 ]
[ 91 0.03618381377397178 0.26833631484794274 0 0 ]
[ 92 0.03618381377397178 0.26833631484794274 0 0 ]
[ 93 0.03618381377397178 0.26833631484794274 0 0 ]
[ 94 0.03618381377397178 0.26833631484794274 0 0 ]
[ 95 0.03618381377397178 0.26833631484794274 0 0 ]
[ 96 0.024122542515981185 0.17889087656529518 0 0 ]
[ 97 0.024122542515981185 0.17889087656529518 0 0 ]
[ 98 0.024122542515981185 0.17889087656529518 0 0 ]
[ 99 0.07236762754794356 0.5366726296958855 0 0 ]
[ 100 0.024122542515981185 0.17889087656529518 0 0 ]
[ 101 0.024122542515981185 0.17889087656529518 0 0 ]
[ 102 0.024122542515981185 0.17889087656529518 0 0 ]
[ 103 0.06030635628995296 0.4472271914132379 0 0 ]
[ 104 0.10855144132191533 0.8050089445438283 0 0 ]
[ 105 0.03618381377397178 0.26833631484794274 0 0 ]
[ 106 0.10855144132191533 0.8050089445438283 0 0 ]
[ 107 0.06030635628995296 0.4472271914132379 0 0 ]
[ 108 0.03618381377397178 0.26833631484794274 0 0 ]
[ 109 0.09649017006392474 0.7155635062611807 0 0 ]
[ 110 0.07236762754794356 0.5366726296958855 0 0 ]
[ 111 0.03618381377397178 0.26833631484794274 0 0 ]
[ 112 0.03618381377397178 0.26833631484794274 0 0 ]
[ 113 0.03618381377397178 0.26833631484794274 0 0 ]
[ 114 0.03618381377397178 0.26833631484794274 0 0 ]
[ 115 0.06030635628995296 0.4472271914132379 0 0 ]
[ 116 0.03618381377397178 0.26833631484794274 0 0 ]
[ 117 0.07236762754794356 0.5366726296958855 0 0 ]
[ 118 0.06030635628995296 0.4472271914132379 0 0 ]
[ 119 0.08442889880593415 0.6261180679785331 0 0 ]
[ 120 0.08442889880593415 0.6261180679785331 0 0 ]
[ 121 0.08442889880593415 0.6261180679785331 0 0 ]
[ 122 0.07236762754794356 0.5366726296958855 0 0 ]
[ 123 0.10855144132191533 0.8050089445438283 0 0 ]
[ 124 0.1567965263538777 1.1627906976744187 0 0 ]
[ 125 0.07236762754794356 0.5366726296958855 0 0 ]
[ 126 0.03618381377397178 0.26833631484794274 0 0 ]
[ 127 0.03618381377397178 0.26833631484794274 0 0 ]
[ 128 0.03618381377397178 0.26833631484794274 0 0 ]
[ 129 0.03618381377397178 0.26833631484794274 0 0 ]
[ 130 0.03618381377397178 0.26833631484794274 0 0 ]
[ 131 0.07236762754794356 0.5366726296958855 0 0 ]
[ 132 0.03618381377397178 0.26833631484794274 0 0 ]
[ 133 0.03618381377397178 0.26833631484794274 0 0 ]
[ 134 0.03618381377397178 0.26833631484794274 0 0 ]
[ 135 0.03618381377397178 0.26833631484794274 0 0 ]
[ 136 0.04824508503196237 0.26833631484794274 0 0.1 ]
[ 137 0.03618381377397178 0.26833631484794274 0 0 ]
[ 138 0.03618381377397178 0.26833631484794274 0 0 ]
[ 139 0.03618381377397178 0.26833631484794274 0 0 ]
[ 140 0.03618381377397178 0.26833631484794274 0 0 ]
[ 141 0.03618381377397178 0.26833631484794274 0 0 ]
[ 142 0.03618381377397178 0.26833631484794274 0 0 ]
[ 143 0.03618381377397178 0.26833631484794274 0 0 ]
[ 144 0.03618381377397178 0.26833631484794274 0 0 ]
[ 145 0.03618381377397178 0.26833631484794274 0 0 ]
[ 146 0.03618381377397178 0.26833631484794274 0 0 ]
[ 147 0.03618381377397178 0.26833631484794274 0 0 ]
[ 148 0.03618381377397178 0.26833631484794274 0 0 ]
[ 149 0.03618381377397178 0.26833631484794274 0 0 ]
[ 150 0.03618381377397178 0.26833631484794274 0 0 ]
[ 151 0.03618381377397178 0.26833631484794274 0 0 ]
[ 152 0.03618381377397178 0.26833631484794274 0 0 ]
[ 153 0.06030635628995296 0.4472271914132379 0 0 ]
[ 154 0.03618381377397178 0.26833631484794274 0 0 ]
[ 155 0.03618381377397178 0.26833631484794274 0 0 ]
[ 156 0.03618381377397178 0.26833631484794274 0 0 ]
[ 157 0.03618381377397178 0.26833631484794274 0 0 ]
[ 158 0.03618381377397178 0.26833631484794274 0 0 ]
[ 159 0.03618381377397178 0.26833631484794274 0 0 ]
[ 160 0.04824508503196237 0.26833631484794274 0 0.1 ]
[ 161 0.03618381377397178 0.26833631484794274 0 0 ]
[ 162 0.03618381377397178 0.26833631484794274 0 0 ]
[ 163 0.03618381377397178 0.26833631484794274 0 0 ]
[ 164 0.03618381377397178 0.26833631484794274 0 0 ]
[ 165 0.08442889880593415 0.5366726296958855 0 0.1 ]
[ 166 0.09649017006392474 0.7155635062611807 0 0 ]
[ 167 0.10855144132191533 0.7155635062611807 0 0.1 ]
[ 168 0.10855144132191533 0.6261180679785331 0 0.2 ]
[ 169 0.12061271257990593 0.6261180679785331 0 0.3 ]
[ 170 0.03618381377397178 0.26833631484794274 0 0 ]
[ 171 0.03618381377397178 0.26833631484794274 0 0 ]
[ 172 0.03618381377397178 0.26833631484794274 0 0 ]
[ 173 0.03618381377397178 0.26833631484794274 0 0 ]
[ 174 0.03618381377397178 0.26833631484794274 0 0 ]
[ 175 0.03618381377397178 0.26833631484794274 0 0 ]
[ 176 0.03618381377397178 0.26833631484794274 0 0 ]
[ 177 0.03618381377397178 0.26833631484794274 0 0 ]
[ 178 0.03618381377397178 0.26833631484794274 0 0 ]
[ 179 0.03618381377397178 0.26833631484794274 0 0 ]
[ 180 0.03618381377397178 0.26833631484794274 0 0 ]
[ 181 0.024122542515981185 0.17889087656529518 0 0 ]
[ 182 0.024122542515981185 0.17889087656529518 0 0 ]
[ 183 0.024122542515981185 0.17889087656529518 0 0 ]
[ 184 0.024122542515981185 0.17889087656529518 0 0 ]
[ 185 0.024122542515981185 0.17889087656529518 0 0 ]
[ 186 0.012061271257990593 0.08944543828264759 0 0 ]
[ 187 0.012061271257990593 0.08944543828264759 0 0 ]
[ 188 0.012061271257990593 0.08944543828264759 0 0 ]
[ 189 0.012061271257990593 0.08944543828264759 0 0 ]
[ 190 0.012061271257990593 0.08944543828264759 0 0 ]
[ 191 0.012061271257990593 0.08944543828264759 0 0 ]
[ 192 0.012061271257990593 0.08944543828264759 0 0 ]
[ 193 0.03618381377397178 0.17889087656529518 0 0.1 ]
[ 194 0.024122542515981185 0.17889087656529518 0 0 ]
[ 195 0.024122542515981185 0.17889087656529518 0 0 ]
[ 196 0.024122542515981185 0.17889087656529518 0 0 ]
[ 197 0.08442889880593415 0.5366726296958855 0 0.1 ]
[ 198 0.08442889880593415 0.26833631484794274 0 0.4 ]
[ 199 0.07236762754794356 0.5366726296958855 0 0 ]
[ 200 0.13267398383789653 0.6261180679785331 0 0.4 ]
[ 201 0.1447352550958871 0.6261180679785331 0 0.5 ]
[ 202 0.1809190688698589 0.8050089445438283 0 0.6 ]
[ 203 0.21710288264383065 1.073345259391771 0 0.6 ]
[ 204 0.13267398383789653 0.7155635062611807 0 0.3 ]
[ 205 0.1447352550958871 0.8050089445438283 0 0.3 ]
[ 206 0.06030635628995296 0.35778175313059035 0 0.1 ]
[ 207 0.19298034012784948 0.6261180679785331 0 0.8999999999999999 ]
[ 208 0.22916415390182127 0.7155635062611807 0 1.0999999999999999 ]
[ 209 0.19298034012784948 0.7155635062611807 0 0.8 ]
[ 210 0.13267398383789653 0.4472271914132379 0 0.6 ]
[ 211 0.06030635628995296 0.26833631484794274 0 0.2 ]
[ 212 0.04824508503196237 0.26833631484794274 0 0.1 ]
[ 213 0.04824508503196237 0.26833631484794274 0 0.1 ]
[ 214 0.04824508503196237 0.26833631484794274 0 0.1 ]
[ 215 0.1567965263538777 0.6261180679785331 0 0.6 ]
[ 216 0.04824508503196237 0.26833631484794274 0 0.1 ]
[ 217 0.25328669641780244 0.4472271914132379 0 1.6 ]
[ 218 0.20504161138584007 0.35778175313059035 0 1.3 ]
[ 219 0.1447352550958871 0.4472271914132379 0 0.7000000000000001 ]
[ 220 0.3618381377397178 0.8944543828264758 0 2 ]
[ 221 0.3135930527077554 0.35778175313059035 0 2.1999999999999997 ]
[ 222 0.3980219515136895 0.6261180679785331 0 2.6 ]
[ 223 0.2894705101917742 0.5366726296958855 0 1.7999999999999998 ]
[ 224 0.325654323965746 0.4472271914132379 0 2.1999999999999997 ]
[ 225 0.1567965263538777 0.26833631484794274 0 1 ]
[ 226 0.09649017006392474 0.26833631484794274 0 0.5 ]
[ 227 0.07236762754794356 0.26833631484794274 0 0.3 ]
[ 228 0.07236762754794356 0.26833631484794274 0 0.3 ]
[ 229 0.06030635628995296 0.26833631484794274 0 0.2 ]
[ 230 0.06030635628995296 0.26833631484794274 0 0.2 ]
[ 231 0.06030635628995296 0.26833631484794274 0 0.2 ]
[ 232 0.06030635628995296 0.26833631484794274 0 0.2 ]
[ 233 0.06030635628995296 0.26833631484794274 0 0.2 ]
[ 234 0.06030635628995296 0.26833631484794274 0 0.2 ]
[ 235 0.06030635628995296 0.26833631484794274 0 0.2 ]
[ 236 0.06030635628995296 0.26833631484794274 0 0.2 ]
[ 237 0.06030635628995296 0.26833631484794274 0 0.2 ]
[ 238 0.06030635628995296 0.26833631484794274 0 0.2 ]
[ 239 0.06030635628995296 0.26833631484794274 0 0.2 ]
[ 240 0.06030635628995296 0.26833631484794274 0 0.2 ]
[ 241 0.06030635628995296 0.26833631484794274 0 0.2 ]
[ 242 0.06030635628995296 0.26833631484794274 0 0.2 ]
[ 243 0.06030635628995296 0.26833631484794274 0 0.2 ]
[ 244 0.06030635628995296 0.26833631484794274 0 0.2 ]
[ 245 0.06030635628995296 0.26833631484794274 0 0.2 ]
[ 246 0.06030635628995296 0.26833631484794274 0 0.2 ]
[ 247 0.06030635628995296 0.26833631484794274 0 0.2 ]
[ 248 0.06030635628995296 0.26833631484794274 0 0.2 ]
[ 249 0.1809190688698589 0.4472271914132379 0 1 ]
[ 250 0.07236762754794356 0.26833631484794274 0 0.3 ]
[ 251 0.4342057652876613 0.7155635062611807 0 2.8000000000000003 ]
[ 252 0.4462670365456519 0.6261180679785331 0 3 ]
[ 253 0.5789410203835484 0.5366726296958855 0 4.2 ]
[ 254 0.6030635628995297 0.7155635062611807 0 4.2 ]
[ 255 0.5668797491255578 0.35778175313059035 0 4.3 ]
[ 256 0.796043903027379 0.6261180679785331 0 5.8999999999999995 ]
[ 257 0.20504161138584007 0.26833631484794274 0 1.4000000000000001 ]
[ 258 0.1567965263538777 0.26833631484794274 0 1 ]
[ 259 0.10855144132191533 0.26833631484794274 0 0.6 ]
[ 260 0.10855144132191533 0.26833631484794274 0 0.6 ]
[ 261 0.09649017006392474 0.26833631484794274 0 0.5 ]
[ 262 0.09649017006392474 0.26833631484794274 0 0.5 ]
[ 263 0.09649017006392474 0.26833631484794274 0 0.5 ]
[ 264 0.09649017006392474 0.26833631484794274 0 0.5 ]
[ 265 0.09649017006392474 0.26833631484794274 0 0.5 ]
[ 266 0.09649017006392474 0.26833631484794274 0 0.5 ]
[ 267 0.09649017006392474 0.26833631484794274 0 0.5 ]
[ 268 0.09649017006392474 0.26833631484794274 0 0.5 ]
[ 269 0.09649017006392474 0.26833631484794274 0 0.5 ]
[ 270 0.08442889880593415 0.26833631484794274 0 0.4 ]
[ 271 0.08442889880593415 0.26833631484794274 0 0.4 ]
[ 272 0.08442889880593415 0.26833631484794274 0 0.4 ]
[ 273 0.07236762754794356 0.26833631484794274 0 0.3 ]
[ 274 0.07236762754794356 0.26833631484794274 0 0.3 ]
[ 275 0.07236762754794356 0.26833631484794274 0 0.3 ]
[ 276 0.07236762754794356 0.26833631484794274 0 0.3 ]
[ 277 0.06030635628995296 0.17889087656529518 0 0.3 ]
[ 278 0.6030635628995297 0.26833631484794274 0 4.7 ]
[ 279 0.5306959353515861 0.7155635062611807 0 3.5999999999999996 ]
[ 280 0.1688577976118683 0.26833631484794274 0 1.0999999999999999 ]
[ 281 0.9528404293812567 0.6261180679785331 0 7.199999999999999 ]
[ 282 0.8684115305753226 0.7155635062611807 0 6.4 ]
[ 283 0.13267398383789653 0.26833631484794274 0 0.8 ]
[ 284 0.13267398383789653 0.26833631484794274 0 0.8 ]
[ 285 0.13267398383789653 0.26833631484794274 0 0.8 ]
[ 286 0.6271861054155108 0.4472271914132379 0 4.7 ]
[ 287 0.1688577976118683 0.35778175313059035 0 1 ]
[ 288 0.20504161138584007 0.35778175313059035 0 1.3 ]
[ 289 0.5427572066095766 0.35778175313059035 0 4.1000000000000005 ]
[ 290 0.22916415390182127 0.26833631484794274 0 1.6 ]
[ 291 1.2302496683150403 0.7155635062611807 0 9.4 ]
[ 292 1.326739838378965 0.8050089445438283 0 10.100000000000001 ]
[ 293 1.387046194668918 0.5366726296958855 0 10.9 ]
[ 294 1.62827161982873 0.5366726296958855 0 12.9 ]
[ 295 1.182004583283078 0.7155635062611807 0 9 ]
[ 296 1.7850681461826077 0.8944543828264758 0 13.8 ]
[ 297 1.3508623808949465 0.4472271914132379 0 10.7 ]
[ 298 1.4714750934748522 0.4472271914132379 0 11.700000000000001 ]
[ 299 1.326739838378965 0.7155635062611807 0 10.2 ]
[ 300 0.4462670365456519 0.26833631484794274 0 3.4000000000000004 ]
[ 301 1.242310939573031 0.4472271914132379 0 9.8 ]
[ 302 1.8453745024725607 0.6261180679785331 0 14.6 ]
[ 303 1.387046194668918 0.26833631484794274 0 11.200000000000001 ]
[ 304 0.3980219515136895 0.26833631484794274 0 3 ]
[ 305 0.26534796767579305 0.26833631484794274 0 1.9 ]
[ 306 0.25328669641780244 0.26833631484794274 0 1.7999999999999998 ]
[ 307 0.24122542515981185 0.26833631484794274 0 1.7000000000000002 ]
[ 308 0.22916415390182127 0.26833631484794274 0 1.6 ]
[ 309 1.1699433120250875 0.4472271914132379 0 9.2 ]
[ 310 0.22916415390182127 0.26833631484794274 0 1.6 ]
[ 311 0.22916415390182127 0.26833631484794274 0 1.6 ]
[ 312 0.22916415390182127 0.26833631484794274 0 1.6 ]
[ 313 0.22916415390182127 0.26833631484794274 0 1.6 ]
[ 314 0.22916415390182127 0.26833631484794274 0 1.6 ]
[ 315 0.22916415390182127 0.26833631484794274 0 1.6 ]
[ 316 0.21710288264383065 0.26833631484794274 0 1.5 ]
[ 317 0.21710288264383065 0.26833631484794274 0 1.5 ]
[ 318 0.21710288264383065 0.26833631484794274 0 1.5 ]
[ 319 0.21710288264383065 0.26833631484794274 0 1.5 ]
[ 320 0.21710288264383065 0.26833631484794274 0 1.5 ]
[ 321 0.21710288264383065 0.26833631484794274 0 1.5 ]
[ 322 0.20504161138584007 0.26833631484794274 0 1.4000000000000001 ]
[ 323 0.20504161138584007 0.26833631484794274 0 1.4000000000000001 ]
[ 324 0.20504161138584007 0.26833631484794274 0 1.4000000000000001 ]
[ 325 0.20504161138584007 0.26833631484794274 0 1.4000000000000001 ]
[ 326 0.20504161138584007 0.26833631484794274 0 1.4000000000000001 ]
[ 327 0.20504161138584007 0.26833631484794274 0 1.4000000000000001 ]
[ 328 0.20504161138584007 0.26833631484794274 0 1.4000000000000001 ]
[ 329 0.20504161138584007 0.26833631484794274 0 1.4000000000000001 ]
[ 330 0.1809190688698589 0.26833631484794274 0 1.2 ]
[ 331 0.1809190688698589 0.26833631484794274 0 1.2 ]
[ 332 0.1688577976118683 0.26833631484794274 0 1.0999999999999999 ]
[ 333 0.1688577976118683 0.26833631484794274 0 1.0999999999999999 ]
[ 334 0.1688577976118683 0.26833631484794274 0 1.0999999999999999 ]
[ 335 0.1688577976118683 0.26833631484794274 0 1.0999999999999999 ]
[ 336 0.1688577976118683 0.26833631484794274 0 1.0999999999999999 ]
[ 337 0.1688577976118683 0.26833631484794274 0 1.0999999999999999 ]
[ 338 0.1688577976118683 0.26833631484794274 0 1.0999999999999999 ]
[ 339 0.1688577976118683 0.26833631484794274 0 1.0999999999999999 ]
[ 340 0.1567965263538777 0.26833631484794274 0 1 ]
[ 341 0.1567965263538777 0.26833631484794274 0 1 ]
[ 342 0.1567965263538777 0.26833631484794274 0 1 ]
[ 343 0.1567965263538777 0.26833631484794274 0 1 ]
[ 344 0.1567965263538777 0.26833631484794274 0 1 ]
[ 345 0.1567965263538777 0.26833631484794274 0 1 ]
[ 346 0.1567965263538777 0.26833631484794274 0 1 ]
[ 347 0.1567965263538777 0.26833631484794274 0 1 ]
[ 348 0.1567965263538777 0.26833631484794274 0 1 ]
[ 349 0.13267398383789653 0.26833631484794274 0 0.8 ]
[ 350 0.13267398383789653 0.26833631484794274 0 0.8 ]
[ 351 0.12061271257990593 0.17889087656529518 0 0.8 ]
[ 352 0.12061271257990593 0.17889087656529518 0 0.8 ]
[ 353 0.12061271257990593 0.17889087656529518 0 0.8 ]
[ 354 0.12061271257990593 0.17889087656529518 0 0.8 ]
[ 355 0.12061271257990593 0.17889087656529518 0 0.8 ]
[ 356 0.10855144132191533 0.17889087656529518 0 0.7000000000000001 ]
[ 357 0.10855144132191533 0.17889087656529518 0 0.7000000000000001 ]
[ 358 0.10855144132191533 0.17889087656529518 0 0.7000000000000001 ]
[ 359 0.10855144132191533 0.17889087656529518 0 0.7000000000000001 ]
[ 360 0.10855144132191533 0.17889087656529518 0 0.7000000000000001 ]
[ 361 0.09649017006392474 0.17889087656529518 0 0.6 ]
[ 362 0.09649017006392474 0.17889087656529518 0 0.6 ]
[ 363 0.08442889880593415 0.08944543828264759 0 0.6 ]
[ 364 0.07236762754794356 0.08944543828264759 0 0.5 ]
[ 365 0.07236762754794356 0.08944543828264759 0 0.5 ]
[ 366 0.07236762754794356 0.08944543828264759 0 0.5 ]
[ 367 0.07236762754794356 0.08944543828264759 0 0.5 ]
[ 368 0.07236762754794356 0.08944543828264759 0 0.5 ]
[ 369 0.07236762754794356 0.08944543828264759 0 0.5 ]
[ 370 0.07236762754794356 0.08944543828264759 0 0.5 ]
[ 371 0.06030635628995296 0.08944543828264759 0 0.4 ]
[ 372 0.19298034012784948 0.08944543828264759 0 1.5 ]
[ 373 1.0493305994451816 0.17889087656529518 0 8.5 ]
[ 374 0.19298034012784948 0.17889087656529518 0 1.4000000000000001 ]
[ 375 1.5559039922807862 0.6261180679785331 0 12.2 ]
[ 376 0.4462670365456519 0.26833631484794274 0 3.4000000000000004 ]
[ 377 0.2894705101917742 0.26833631484794274 0 2.1 ]
[ 378 0.25328669641780244 0.26833631484794274 0 1.7999999999999998 ]
[ 379 0.22916415390182127 0.17889087656529518 0 1.7000000000000002 ]
[ 380 0.20504161138584007 0.17889087656529518 0 1.5 ]
[ 381 0.20504161138584007 0.17889087656529518 0 1.5 ]
[ 382 0.19298034012784948 0.17889087656529518 0 1.4000000000000001 ]
[ 383 0.19298034012784948 0.17889087656529518 0 1.4000000000000001 ]
[ 384 0.1809190688698589 0.17889087656529518 0 1.3 ]
[ 385 0.1567965263538777 0.08944543828264759 0 1.2 ]
[ 386 0.13267398383789653 0.08944543828264759 0 1 ]
[ 387 0.13267398383789653 0.08944543828264759 0 1 ]
[ 388 0.12061271257990593 0.08944543828264759 0 0.8999999999999999 ]
[ 389 0.09649017006392474 0.08944543828264759 0 0.7000000000000001 ]
[ 390 0.08442889880593415 0.08944543828264759 0 0.6 ]
[ 391 0.07236762754794356 0.08944543828264759 0 0.5 ]
[ 392 0.06030635628995296 0.08944543828264759 0 0.4 ]
[ 393 0.06030635628995296 0.08944543828264759 0 0.4 ]
[ 394 0.04824508503196237 0.08944543828264759 0 0.3 ]
[ 395 0.04824508503196237 0.08944543828264759 0 0.3 ]
[ 396 0.04824508503196237 0.08944543828264759 0 0.3 ]
[ 397 0.04824508503196237 0.08944543828264759 0 0.3 ]
[ 398 0.04824508503196237 0.08944543828264759 0 0.3 ]
[ 399 0.04824508503196237 0.08944543828264759 0 0.3 ]
[ 400 0.03618381377397178 0.08944543828264759 0 0.2 ]
[ 401 0.024122542515981185 0.08944543828264759 0 0.1 ]
[ 402 0.024122542515981185 0.08944543828264759 0 0.1 ]
[ 403 0.20504161138584007 0.17889087656529518 0 1.5 ]
[ 404 1.3146785671209744 0.17889087656529518 0 10.7 ]
[ 405 0.1447352550958871 0.08944543828264759 0 1.0999999999999999 ]
[ 406 0.13267398383789653 0 0 1.0999999999999999 ]
[ 407 0.09649017006392474 0 0 0.8 ]
[ 408 0.04824508503196237 0 0 0.4 ]
[ 409 0.03618381377397178 0 0 0.3 ]
[ 410 0.012061271257990593 0 0 0.1 ]
[ 411 0.1567965263538777 0 0 1.3 ]
[ 412 0.06030635628995296 0 0 0.5 ]
[ 413 1.592087806054758 0.8050089445438283 0 12.3 ]
[ 414 0.45832830780364253 0.26833631484794274 0 3.5000000000000004 ]
[ 415 0.1809190688698589 0.17889087656529518 0 1.3 ]
[ 416 0.1567965263538777 0.08944543828264759 0 1.2 ]
[ 417 0.13267398383789653 0.08944543828264759 0 1 ]
[ 418 0.10855144132191533 0.08944543828264759 0 0.8 ]
[ 419 0.09649017006392474 0.08944543828264759 0 0.7000000000000001 ]
[ 420 0.09649017006392474 0.08944543828264759 0 0.7000000000000001 ]
[ 421 0.06030635628995296 0.08944543828264759 0 0.4 ]
[ 422 0.03618381377397178 0 0 0.3 ]
[ 423 0.03618381377397178 0 0 0.3 ]
[ 424 0.024122542515981185 0 0 0.2 ]
[ 425 0.024122542515981185 0 0 0.2 ]
[ 426 0.024122542515981185 0 0 0.2 ]
[ 427 0.024122542515981185 0 0 0.2 ]
[ 428 0.012061271257990593 0 0 0.1 ]
[ 429 0.012061271257990593 0 0 0.1 ]
[ 430 0.012061271257990593 0 0 0.1 ]
[ 431 0.012061271257990593 0 0 0.1 ]
[ 432 0.012061271257990593 0 0 0.1 ]
[ 433 0.012061271257990593 0 0 0.1 ]
[ 434 0 0 0 0 ]
[ 435 0 0 0 0 ]
[ 436 0 0 0 0 ]
[ 437 0 0 0 0 ]
[ 438 0 0 0 0 ]
[ 439 0 0 0 0 ]
[ 440 0 0 0 0 ]
[ 441 0 0 0 0 ]
[ 442 0 0 0 0 ]
[ 443 0 0 0 0 ]
[ 444 0 0 0 0 ]
[ 445 0 0 0 0 ]
[ 446 0 0 0 0 ]
[ 447 0 0 0 0 ]
[ 448 0 0 0 0 ]
[ 449 0 0 0 0 ]
[ 450 0 0 0 0 ]
[ 451 0 0 0 0 ]
[ 452 0 0 0 0 ]
[ 453 0 0 0 0 ]
[ 454 0 0 0 0 ]
[ 455 0 0 0 0 ]
[ 456 0 0 0 0 ]
[ 457 0 0 0 0 ]
[ 458 0 0 0 0 ]
[ 459 0 0 0 0 ]
[ 460 0 0 0 0 ]
[ 461 0 0 0 0 ]
[ 462 0 0 0 0 ]
[ 463 0 0 0 0 ]
[ 464 0 0 0 0 ]
[ 465 0 0 0 0 ]
[ 466 0 0 0 0 ]
[ 467 0 0 0 0 ]
[ 468 0 0 0 0 ]
[ 469 0 0 0 0 ]
[ 470 0 0 0 0 ]
[ 471 0 0 0 0 ]
[ 472 0 0 0 0 ]
[ 473 0 0 0 0 ]
[ 474 0 0 0 0 ]
[ 475 0 0 0 0 ]
[ 476 0 0 0 0 ]
[ 477 0 0 0 0 ]
[ 478 0 0 0 0 ]
[ 479 0 0 0 0 ]
[ 480 0 0 0 0 ]
[ 481 0 0 0 0 ]
[ 482 0 0 0 0 ]
[ 483 0 0 0 0 ]
[ 484 0 0 0 0 ]
[ 485 0 0 0 0 ]
[ 486 0 0 0 0 ]
[ 487 0 0 0 0 ]
[ 488 0 0 0 0 ]
[ 489 0 0 0 0 ]
[ 490 0.22916415390182127 0 0 1.9 ]
[ 491 0.26534796767579305 0.08944543828264759 0 2.1 ]
[ 492 1.6041490773127487 0.4472271914132379 0 12.8 ]
[ 493 0.25328669641780244 0.08944543828264759 0 2 ]
[ 494 0.22916415390182127 0.08944543828264759 0 1.7999999999999998 ]
[ 495 0.20504161138584007 0.08944543828264759 0 1.6 ]
[ 496 0.1809190688698589 0 0 1.5 ]
[ 497 0.1567965263538777 0 0 1.3 ]
[ 498 0.12061271257990593 0 0 1 ]
[ 499 0.12061271257990593 0 0 1 ]
[ 500 0.08442889880593415 0 0 0.7000000000000001 ]
[ 501 0.08442889880593415 0 0 0.7000000000000001 ]
[ 502 0.06030635628995296 0 0 0.5 ]
[ 503 0.04824508503196237 0 0 0.4 ]
[ 504 0.04824508503196237 0 0 0.4 ]
[ 505 0.03618381377397178 0 0 0.3 ]
[ 506 0.012061271257990593 0 0 0.1 ]
[ 507 0.012061271257990593 0 0 0.1 ]
[ 508 0.012061271257990593 0 0 0.1 ]
[ 509 0.012061271257990593 0 0 0.1 ]
[ 510 0.012061271257990593 0 0 0.1 ]
[ 511 0.012061271257990593 0 0 0.1 ]
[ 512 0.012061271257990593 0 0 0.1 ]
[ 513 0.012061271257990593 0 0 0.1 ]
[ 514 0.012061271257990593 0 0 0.1 ]
[ 515 0.012061271257990593 0 0 0.1 ]
[ 516 0 0 0 0 ]
[ 517 0 0 0 0 ]
[ 518 0 0 0 0 ]
[ 519 0 0 0 0 ]
[ 520 0 0 0 0 ]
[ 521 0 0 0 0 ]
[ 522 0 0 0 0 ]
[ 523 0 0 0 0 ]
[ 524 0 0 0 0 ]
[ 525 0 0 0 0 ]
[ 526 0 0 0 0 ]
[ 527 0 0 0 0 ]
[ 528 0 0 0 0 ]
[ 529 0 0 0 0 ]
[ 530 0 0 0 0 ]
[ 531 0 0 0 0 ]
[ 532 0 0 0 0 ]
[ 533 0 0 0 0 ]
[ 534 0 0 0 0 ]
[ 535 0 0 0 0 ]
[ 536 1.4955976359908334 0.35778175313059035 0 12 ]
[ 537 0.19298034012784948 0.17889087656529518 0 1.4000000000000001 ]
[ 538 0.1688577976118683 0.17889087656529518 0 1.2 ]
[ 539 0.13267398383789653 0.08944543828264759 0 1 ]
[ 540 0.12061271257990593 0.08944543828264759 0 0.8999999999999999 ]
[ 541 0.07236762754794356 0 0 0.6 ]
[ 542 0.024122542515981185 0 0 0.2 ]
[ 543 0.13267398383789653 0.08944543828264759 0 1 ]
[ 544 0.04824508503196237 0.08944543828264759 0 0.3 ]
[ 545 0.03618381377397178 0.08944543828264759 0 0.2 ]
[ 546 0.024122542515981185 0 0 0.2 ]
[ 547 0.024122542515981185 0 0 0.2 ]
[ 548 0.012061271257990593 0 0 0.1 ]
[ 549 0.012061271257990593 0 0 0.1 ]
[ 550 0.012061271257990593 0 0 0.1 ]
[ 551 0.8322277168013509 0.08944543828264759 0 6.800000000000001 ]
[ 552 0.06030635628995296 0 0 0.5 ]
[ 553 0.04824508503196237 0 0 0.4 ]
[ 554 0.03618381377397178 0 0 0.3 ]
[ 555 0.024122542515981185 0 0 0.2 ]
[ 556 0.3135930527077554 0.08944543828264759 0 2.5 ]
[ 557 1.42323000844289 0.26833631484794274 0 11.5 ]
[ 558 0.25328669641780244 0.08944543828264759 0 2 ]
[ 559 0.20504161138584007 0.08944543828264759 0 1.6 ]
[ 560 0.1809190688698589 0.08944543828264759 0 1.4000000000000001 ]
[ 561 0.1567965263538777 0.08944543828264759 0 1.2 ]
[ 562 0.09649017006392474 0.08944543828264759 0 0.7000000000000001 ]
[ 563 0.06030635628995296 0.08944543828264759 0 0.4 ]
[ 564 0.03618381377397178 0 0 0.3 ]
[ 565 1.326739838378965 0.4472271914132379 0 10.5 ]
[ 566 2.4725606078880715 0.9838998211091234 0 19.400000000000002 ]
[ 567 0.4703895790616331 0.26833631484794274 0 3.5999999999999996 ]
[ 568 0.3618381377397178 0.26833631484794274 0 2.7 ]
[ 569 0.2894705101917742 0.17889087656529518 0 2.1999999999999997 ]
[ 570 0.26534796767579305 0.17889087656529518 0 2 ]
[ 571 0.22916415390182127 0.08944543828264759 0 1.7999999999999998 ]
[ 572 0.1809190688698589 0 0 1.5 ]
[ 573 0.1447352550958871 0 0 1.2 ]
[ 574 0.13267398383789653 0 0 1.0999999999999999 ]
[ 575 0.10855144132191533 0 0 0.8999999999999999 ]
[ 576 0.09649017006392474 0 0 0.8 ]
[ 577 0.06030635628995296 0 0 0.5 ]
[ 578 0.37389940899770835 0.08944543828264759 0 3 ]
[ 579 0.13267398383789653 0.08944543828264759 0 1 ]
[ 580 0.10855144132191533 0.08944543828264759 0 0.8 ]
[ 581 0.09649017006392474 0.08944543828264759 0 0.7000000000000001 ]
[ 582 0.06030635628995296 0 0 0.5 ]
[ 583 0.27740923893378366 0.26833631484794274 0 2 ]
[ 584 0.13267398383789653 0.17889087656529518 0 0.8999999999999999 ]
[ 585 1.3508623808949465 0.6261180679785331 0 10.5 ]
[ 586 2.062477385116391 0.5366726296958855 0 16.5 ]
[ 587 0.6754311904474732 0.26833631484794274 0 5.3 ]
[ 588 0.3618381377397178 0.17889087656529518 0 2.8000000000000003 ]
[ 589 0.3135930527077554 0.08944543828264759 0 2.5 ]
[ 590 0.26534796767579305 0.08944543828264759 0 2.1 ]
[ 591 0.24122542515981185 0.08944543828264759 0 1.9 ]
[ 592 0.21710288264383065 0.08944543828264759 0 1.7000000000000002 ]
[ 593 0.20504161138584007 0.08944543828264759 0 1.6 ]
[ 594 0.19298034012784948 0.08944543828264759 0 1.5 ]
[ 595 0.1809190688698589 0.08944543828264759 0 1.4000000000000001 ]
[ 596 0.1567965263538777 0 0 1.3 ]
[ 597 0.12061271257990593 0 0 1 ]
[ 598 0.10855144132191533 0 0 0.8999999999999999 ]
[ 599 0.10855144132191533 0 0 0.8999999999999999 ]
[ 600 0.10855144132191533 0 0 0.8999999999999999 ]
[ 601 0.08442889880593415 0 0 0.7000000000000001 ]
[ 602 0.08442889880593415 0 0 0.7000000000000001 ]
[ 603 0.06030635628995296 0 0 0.5 ]
[ 604 0.03618381377397178 0 0 0.3 ]
[ 605 0.024122542515981185 0 0 0.2 ]
[ 606 0.024122542515981185 0 0 0.2 ]
[ 607 0.024122542515981185 0 0 0.2 ]
[ 608 1.6403328910867205 0.17889087656529518 0 13.4 ]
[ 609 0.19298034012784948 0.08944543828264759 0 1.5 ]
[ 610 0.1567965263538777 0 0 1.3 ]
[ 611 1.326739838378965 0.17889087656529518 0 10.8 ]
[ 612 0.20504161138584007 0.17889087656529518 0 1.5 ]
[ 613 0.3497768664817272 0.17889087656529518 0 2.7 ]
[ 614 0.19298034012784948 0.08944543828264759 0 1.5 ]
[ 615 1.3629236521529369 0.4472271914132379 0 10.8 ]
[ 616 0.27740923893378366 0.08944543828264759 0 2.1999999999999997 ]
[ 617 2.762031118079846 0.5366726296958855 0 22.3 ]
[ 618 2.918827644433723 0.5366726296958855 0 23.599999999999998 ]
[ 619 2.2072126402122785 0.26833631484794274 0 18 ]
[ 620 0.6030635628995297 0.17889087656529518 0 4.8 ]
[ 621 0.4342057652876613 0.17889087656529518 0 3.4000000000000004 ]
[ 622 0.4342057652876613 0.17889087656529518 0 3.4000000000000004 ]
[ 623 0.4342057652876613 0.17889087656529518 0 3.4000000000000004 ]
[ 624 0.41008322277168013 0 0 3.4000000000000004 ]
[ 625 0.3980219515136895 0 0 3.3000000000000003 ]
[ 626 0.37389940899770835 0 0 3.1 ]
[ 627 0.3618381377397178 0 0 3 ]
[ 628 0.3377155952237366 0 0 2.8000000000000003 ]
[ 629 0.2894705101917742 0 0 2.4 ]
[ 630 0.2894705101917742 0 0 2.4 ]
[ 631 0.25328669641780244 0 0 2.1 ]
[ 632 0.25328669641780244 0 0 2.1 ]
[ 633 0.25328669641780244 0 0 2.1 ]
[ 634 0.22916415390182127 0 0 1.9 ]
[ 635 0.1809190688698589 0 0 1.5 ]
[ 636 0.1447352550958871 0 0 1.2 ]
[ 637 0.12061271257990593 0 0 1 ]
[ 638 0.10855144132191533 0 0 0.8999999999999999 ]
[ 639 0.10855144132191533 0 0 0.8999999999999999 ]
[ 640 0.10855144132191533 0 0 0.8999999999999999 ]
[ 641 0.37389940899770835 0.08944543828264759 0 3 ]
[ 642 2.9791340007236764 0.9838998211091234 0 23.599999999999998 ]
[ 643 0.4703895790616331 0.26833631484794274 0 3.5999999999999996 ]
[ 644 0.41008322277168013 0.17889087656529518 0 3.2 ]
[ 645 0.3497768664817272 0.17889087656529518 0 2.7 ]
[ 646 0.30153178144976484 0.08944543828264759 0 2.4 ]
[ 647 0.27740923893378366 0.08944543828264759 0 2.1999999999999997 ]
[ 648 0.22916415390182127 0 0 1.9 ]
[ 649 1.3629236521529369 0.17889087656529518 0.016199578810950913 11 ]
[ 650 0.30153178144976484 0.08944543828264759 0 2.4 ]
[ 651 2.5569895066940056 0.5366726296958855 0 20.599999999999998 ]
[ 652 3.196236883367507 1.073345259391771 0 25.3 ]
[ 653 3.196236883367507 0.8944543828264758 0.016199578810950913 25.4 ]
[ 654 3.4857073935592813 0.5366726296958855 0 28.299999999999997 ]
[ 655 3.7751779037510556 0.8050089445438283 0 30.4 ]
[ 656 3.5218912073332533 0.6261180679785331 0 28.499999999999996 ]
[ 657 3.4374623085273184 0.8944543828264758 0.032399157621901827 27.3 ]
[ 658 3.003256543239657 0.5366726296958855 0 24.3 ]
[ 659 1.3749849234109275 0.26833631484794274 0 11.1 ]
[ 660 0.9287178868652756 0.26833631484794274 0 7.3999999999999995 ]
[ 661 0.6151248341575202 0.26833631484794274 0 4.8 ]
[ 662 0.5427572066095766 0.26833631484794274 0 4.2 ]
[ 663 0.5427572066095766 0.26833631484794274 0 4.2 ]
[ 664 0.5306959353515861 0.26833631484794274 0 4.1000000000000005 ]
[ 665 0.5306959353515861 0.26833631484794274 0 4.1000000000000005 ]
[ 666 0.5306959353515861 0.26833631484794274 0 4.1000000000000005 ]
[ 667 0.5306959353515861 0.26833631484794274 0 4.1000000000000005 ]
[ 668 0.5065733928356049 0.26833631484794274 0 3.9 ]
[ 669 0.49451212157761426 0.26833631484794274 0 3.8 ]
[ 670 0.49451212157761426 0.26833631484794274 0 3.8 ]
[ 671 0.49451212157761426 0.26833631484794274 0 3.8 ]
[ 672 0.4824508503196237 0.26833631484794274 0 3.6999999999999997 ]
[ 673 0.4824508503196237 0.26833631484794274 0 3.6999999999999997 ]
[ 674 0.4824508503196237 0.26833631484794274 0 3.6999999999999997 ]
[ 675 0.4824508503196237 0.26833631484794274 0 3.6999999999999997 ]
[ 676 0.4824508503196237 0.26833631484794274 0 3.6999999999999997 ]
[ 677 0.4824508503196237 0.26833631484794274 0 3.6999999999999997 ]
[ 678 0.4824508503196237 0.26833631484794274 0 3.6999999999999997 ]
[ 679 0.4824508503196237 0.26833631484794274 0 3.6999999999999997 ]
[ 680 0.4824508503196237 0.26833631484794274 0 3.6999999999999997 ]
[ 681 0.4703895790616331 0.26833631484794274 0 3.5999999999999996 ]
[ 682 0.4462670365456519 0.17889087656529518 0 3.5000000000000004 ]
[ 683 0.4342057652876613 0.17889087656529518 0 3.4000000000000004 ]
[ 684 0.42214449402967075 0.17889087656529518 0 3.3000000000000003 ]
[ 685 0.3980219515136895 0.08944543828264759 0 3.2 ]
[ 686 0.3980219515136895 0.08944543828264759 0 3.2 ]
[ 687 0.38596068025569896 0.08944543828264759 0 3.1 ]
[ 688 0.37389940899770835 0.08944543828264759 0 3 ]
[ 689 1.3508623808949465 0.17889087656529518 0 11 ]
[ 690 0.6030635628995297 0.17889087656529518 0 4.8 ]
[ 691 0.38596068025569896 0.08944543828264759 0 3.1 ]
[ 692 0.38596068025569896 0.08944543828264759 0 3.1 ]
[ 693 1.3146785671209744 0.26833631484794274 0 10.6 ]
[ 694 0.38596068025569896 0.17889087656529518 0 3 ]
[ 695 0.37389940899770835 0.17889087656529518 0 2.9000000000000004 ]
[ 696 2.2192739114702693 0.17889087656529518 0.016199578810950913 18.099999999999998 ]
[ 697 1.7850681461826077 0.35778175313059035 0.016199578810950913 14.299999999999999 ]
[ 698 0.5668797491255578 0.08944543828264759 0 4.6 ]
[ 699 0.4462670365456519 0.08944543828264759 0 3.5999999999999996 ]
[ 700 0.3980219515136895 0.08944543828264759 0 3.2 ]
[ 701 0.3618381377397178 0.08944543828264759 0 2.9000000000000004 ]
[ 702 0.3377155952237366 0.08944543828264759 0 2.7 ]
[ 703 0.30153178144976484 0.08944543828264759 0 2.4 ]
[ 704 0.2894705101917742 0.08944543828264759 0 2.3 ]
[ 705 0.26534796767579305 0 0 2.1999999999999997 ]
[ 706 0.22916415390182127 0 0 1.9 ]
[ 707 0.20504161138584007 0 0 1.7000000000000002 ]
[ 708 0.19298034012784948 0 0 1.6 ]
[ 709 0.19298034012784948 0 0 1.6 ]
[ 710 0.1688577976118683 0 0 1.4000000000000001 ]
[ 711 0.1688577976118683 0 0 1.4000000000000001 ]
[ 712 0.1447352550958871 0 0 1.2 ]
[ 713 0.13267398383789653 0 0 1.0999999999999999 ]
[ 714 0.12061271257990593 0 0 1 ]
[ 715 1.2664334820890122 0.08944543828264759 0.016199578810950913 10.299999999999999 ]
[ 716 0.19298034012784948 0.08944543828264759 0 1.5 ]
[ 717 2.2313351827282597 0.6261180679785331 0.032399157621901827 17.599999999999998 ]
[ 718 0.5065733928356049 0.26833631484794274 0 3.9 ]
[ 719 1.4955976359908334 0.26833631484794274 0.032399157621901827 11.899999999999999 ]
[ 720 0.41008322277168013 0.08944543828264759 0 3.3000000000000003 ]
[ 721 2.701724761789893 0.5366726296958855 0.016199578810950913 21.7 ]
[ 722 3.099746713303582 0.8050089445438283 0.032399157621901827 24.6 ]
[ 723 3.5339524785912437 0.8050089445438283 0.08099789405475458 27.900000000000002 ]
[ 724 3.9440357013629237 0.8050089445438283 0.16199578810950915 30.8 ]
[ 725 1.1699433120250875 0.26833631484794274 0.016199578810950913 9.3 ]
[ 726 0.6392473766735014 0.26833631484794274 0.016199578810950913 4.9 ]
[ 727 0.5548184778675673 0.26833631484794274 0 4.3 ]
[ 728 0.5548184778675673 0.26833631484794274 0 4.3 ]
[ 729 0.5548184778675673 0.26833631484794274 0 4.3 ]
[ 730 0.5548184778675673 0.26833631484794274 0 4.3 ]
[ 731 1.7850681461826077 0.35778175313059035 0.1133970516766564 13.700000000000001 ]
[ 732 0.5427572066095766 0.17889087656529518 0 4.3 ]
[ 733 0.5427572066095766 0.17889087656529518 0 4.3 ]
[ 734 0.5427572066095766 0.17889087656529518 0 4.3 ]
[ 735 1.3749849234109275 0.35778175313059035 0.14579620929855822 10.100000000000001 ]
[ 736 0.5186346640935955 0.17889087656529518 0 4.1000000000000005 ]
[ 737 2.0383548426004103 0.6261180679785331 0.06479831524380365 15.8 ]
[ 738 3.3289108672054035 0.6261180679785331 0.14579620929855822 26 ]
[ 739 3.3892172234953564 0.6261180679785331 0.3563907338409201 25.2 ]
[ 740 0.8322277168013509 0.4472271914132379 0.032399157621901827 6.2 ]
[ 741 0.591002291641539 0.26833631484794274 0.016199578810950913 4.5 ]
[ 742 0.5548184778675673 0.26833631484794274 0.016199578810950913 4.2 ]
[ 743 0.5427572066095766 0.26833631484794274 0.016199578810950913 4.1000000000000005 ]
[ 744 0.5427572066095766 0.26833631484794274 0.016199578810950913 4.1000000000000005 ]
[ 745 0.5427572066095766 0.26833631484794274 0.016199578810950913 4.1000000000000005 ]
[ 746 0.5306959353515861 0.26833631484794274 0.016199578810950913 4 ]
[ 747 0.5065733928356049 0.17889087656529518 0 4 ]
[ 748 0.5065733928356049 0.17889087656529518 0 4 ]
[ 749 1.809190688698589 0.6261180679785331 0.08099789405475458 13.8 ]
[ 750 3.4374623085273184 0.8050089445438283 0.29159241859711643 25.8 ]
[ 751 0.6392473766735014 0.26833631484794274 0.06479831524380365 4.6 ]
[ 752 0.591002291641539 0.26833631484794274 0.04859873643285275 4.3 ]
[ 753 0.5427572066095766 0.17889087656529518 0.032399157621901827 4.1000000000000005 ]
[ 754 0.5306959353515861 0.17889087656529518 0.016199578810950913 4.1000000000000005 ]
[ 755 0.5186346640935955 0.17889087656529518 0.016199578810950913 4 ]
[ 756 0.5065733928356049 0.17889087656529518 0.016199578810950913 3.9 ]
[ 757 0.5065733928356049 0.17889087656529518 0.016199578810950913 3.9 ]
[ 758 0.4703895790616331 0.17889087656529518 0.016199578810950913 3.5999999999999996 ]
[ 759 0.4462670365456519 0.17889087656529518 0.016199578810950913 3.4000000000000004 ]
[ 760 0.4342057652876613 0.17889087656529518 0.016199578810950913 3.3000000000000003 ]
[ 761 0.3980219515136895 0.17889087656529518 0 3.1 ]
[ 762 0.3980219515136895 0.17889087656529518 0 3.1 ]
[ 763 0.37389940899770835 0.17889087656529518 0 2.9000000000000004 ]
[ 764 0.37389940899770835 0.17889087656529518 0 2.9000000000000004 ]
[ 765 0.3618381377397178 0.08944543828264759 0 2.9000000000000004 ]
[ 766 0.3377155952237366 0.08944543828264759 0 2.7 ]
[ 767 0.30153178144976484 0.08944543828264759 0 2.4 ]
[ 768 0.27740923893378366 0.08944543828264759 0 2.1999999999999997 ]
[ 769 1.7850681461826077 0.4472271914132379 0.194394945731411 13.100000000000001 ]
[ 770 3.0394403570136292 0.5366726296958855 0.3239915762190183 22.6 ]
[ 771 4.112893498974792 0.5366726296958855 0.5993844160051839 29.799999999999997 ]
[ 772 4.26969002532867 1.2522361359570662 0.5183865219504292 30.8 ]
[ 773 1.1337594982511157 0.26833631484794274 0.06479831524380365 8.7 ]
[ 774 0.651308647931492 0.26833631484794274 0.06479831524380365 4.7 ]
[ 775 1.9177421300205042 0.7155635062611807 0.3077919974080674 13.200000000000001 ]
[ 776 0.5789410203835484 0.26833631484794274 0.032399157621901827 4.3 ]
[ 777 3.196236883367507 0.5366726296958855 0.4535882067066256 23.1 ]
[ 778 3.4495235797853097 0.6261180679785331 0.5669852583832821 24.4 ]
[ 779 3.3650946809793756 0.4472271914132379 0.5831848371942329 23.799999999999997 ]
[ 780 0.9407791581232662 0.26833631484794274 0.08099789405475458 7.000000000000001 ]
[ 781 0.6030635628995297 0.26833631484794274 0.04859873643285275 4.3999999999999995 ]
[ 782 0.5789410203835484 0.26833631484794274 0.04859873643285275 4.2 ]
[ 783 0.8925340730913038 0.26833631484794274 0.0971974728657055 6.5 ]
[ 784 0.5789410203835484 0.26833631484794274 0.04859873643285275 4.2 ]
[ 785 0.5789410203835484 0.26833631484794274 0.04859873643285275 4.2 ]
[ 786 0.5668797491255578 0.26833631484794274 0.04859873643285275 4.1000000000000005 ]
[ 787 0.5427572066095766 0.26833631484794274 0.04859873643285275 3.9 ]
[ 788 0.5427572066095766 0.26833631484794274 0.04859873643285275 3.9 ]
[ 789 1.6162103485707395 0.4472271914132379 0.3401911550299692 10.8 ]
[ 790 0.5306959353515861 0.26833631484794274 0.04859873643285275 3.8 ]
[ 791 3.6786877336871306 0.8944543828264758 0.7937793617365949 24.6 ]
[ 792 4.076709685200821 1.073345259391771 0.8423780981694476 27.400000000000002 ]
[ 793 0.7839826317693884 0.26833631484794274 0.06479831524380365 5.800000000000001 ]
[ 794 2.1710288264383064 0.4472271914132379 0.388789891462822 15.1 ]
[ 795 0.6271861054155108 0.26833631484794274 0.06479831524380365 4.5 ]
[ 796 0.6030635628995297 0.26833631484794274 0.04859873643285275 4.3999999999999995 ]
[ 797 0.591002291641539 0.26833631484794274 0.04859873643285275 4.3 ]
[ 798 0.5548184778675673 0.17889087656529518 0.04859873643285275 4.1000000000000005 ]
[ 799 0.5186346640935955 0.08944543828264759 0.032399157621901827 4 ]
[ 800 0.5065733928356049 0.08944543828264759 0.032399157621901827 3.9 ]
[ 801 0.4703895790616331 0.08944543828264759 0.032399157621901827 3.5999999999999996 ]
[ 802 0.5427572066095766 0.08944543828264759 0.17819536692046006 3.3000000000000003 ]
[ 803 0.4342057652876613 0.08944543828264759 0.032399157621901827 3.3000000000000003 ]
[ 804 0.4342057652876613 0.08944543828264759 0.032399157621901827 3.3000000000000003 ]
[ 805 0.4342057652876613 0.08944543828264759 0.032399157621901827 3.3000000000000003 ]
[ 806 0.42214449402967075 0.08944543828264759 0.032399157621901827 3.2 ]
[ 807 0.3980219515136895 0.08944543828264759 0.032399157621901827 3 ]
[ 808 0.3980219515136895 0.08944543828264759 0.032399157621901827 3 ]
[ 809 0.37389940899770835 0.08944543828264759 0.016199578810950913 2.9000000000000004 ]
[ 810 0.37389940899770835 0.08944543828264759 0.016199578810950913 2.9000000000000004 ]
[ 811 0.3618381377397178 0.08944543828264759 0.016199578810950913 2.8000000000000003 ]
[ 812 0.3497768664817272 0.08944543828264759 0 2.8000000000000003 ]
[ 813 0.3497768664817272 0.08944543828264759 0 2.8000000000000003 ]
[ 814 0.3497768664817272 0.08944543828264759 0 2.8000000000000003 ]
[ 815 0.325654323965746 0.08944543828264759 0 2.6 ]
[ 816 0.325654323965746 0.08944543828264759 0 2.6 ]
[ 817 0.325654323965746 0.08944543828264759 0 2.6 ]
[ 818 0.3135930527077554 0.08944543828264759 0 2.5 ]
[ 819 1.712700518634664 0.26833631484794274 0.5183865219504292 10.7 ]
[ 820 4.124954770232782 0.4472271914132379 1.1663696743884657 26.5 ]
[ 821 5.198407912193946 0.7155635062611807 1.4903612506074841 33.1 ]
[ 822 5.041611385840068 0.7155635062611807 1.6523570387169932 30.8 ]
[ 823 5.439633337353757 0.9838998211091234 1.8305524056374534 32.7 ]
[ 824 5.005427572066096 0.7155635062611807 1.7009557751498463 30.2 ]
[ 825 4.233506211554698 0.4472271914132379 1.538959987040337 25.1 ]
[ 826 3.9681582438789045 0.26833631484794274 1.5065608294184352 23.3 ]
[ 827 1.5197201785068146 0.26833631484794274 0.3239915762190183 10.299999999999999 ]
[ 828 0.9649017006392474 0.26833631484794274 0.2105945245423619 6.4 ]
[ 829 0.7598600892534073 0.26833631484794274 0.17819536692046006 4.9 ]
[ 830 0.711615004221445 0.26833631484794274 0.16199578810950915 4.6 ]
[ 831 0.6874924617054637 0.26833631484794274 0.1295966304876073 4.6 ]
[ 832 0.6633699191894825 0.26833631484794274 0.1133970516766564 4.5 ]
[ 833 0.6633699191894825 0.26833631484794274 0.1133970516766564 4.5 ]
[ 834 0.651308647931492 0.17889087656529518 0.1133970516766564 4.5 ]
[ 835 2.7982149318538174 0.35778175313059035 0.9233759922242022 17.1 ]
[ 836 1.9418646725364852 0.35778175313059035 0.8585776769803984 10.4 ]
[ 837 5.150162827161983 0.6261180679785331 2.3651385063988335 27.400000000000002 ]
[ 838 5.994451815221325 0.6261180679785331 2.9645229224040173 30.7 ]
[ 839 6.404535037993004 1.2522361359570662 3.1427182893244776 32.300000000000004 ]
[ 840 6.549270293088892 1.073345259391771 3.482909444354447 31.6 ]
[ 841 7.176456398504402 0.8050089445438283 3.9040984934391703 34.5 ]
[ 842 7.453865637438185 0.9838998211091234 4.438684594200551 33.300000000000004 ]
[ 843 8.177541912917622 0.8050089445438283 4.95707111615098 36.3 ]
[ 844 8.177541912917622 0.5366726296958855 5.183865219504293 35.199999999999996 ]
[ 845 8.623808949463273 0.6261180679785331 5.84804795075328 34.699999999999996 ]
[ 846 9.009769629718972 1.1627906976744187 6.139640369350397 35.5 ]
[ 847 8.865034374623084 1.1627906976744187 6.026243317673741 35 ]
[ 848 8.479073694367386 1.1627906976744187 5.977644581240888 32.1 ]
[ 849 6.404535037993004 0.5366726296958855 4.001295966304876 27.800000000000004 ]
[ 850 6.814618260764685 0.5366726296958855 4.487283330633404 28.199999999999996 ]
[ 851 3.0635628995296105 0.35778175313059035 1.538959987040337 15.5 ]
[ 852 2.2916415390182125 0.35778175313059035 1.2473675684432206 10.9 ]
[ 853 1.8453745024725607 0.35778175313059035 1.1177709379556133 8 ]
[ 854 1.4955976359908334 0.35778175313059035 0.9233759922242022 6.3 ]
[ 855 1.3146785671209744 0.35778175313059035 0.8423780981694476 5.3 ]
[ 856 1.1699433120250875 0.35778175313059035 0.7127814676818403 4.9 ]
[ 857 1.0613918707031722 0.35778175313059035 0.5993844160051839 4.7 ]
[ 858 1.0493305994451816 0.35778175313059035 0.5831848371942329 4.7 ]
[ 859 1.0252080569292004 0.35778175313059035 0.5507856795723312 4.7 ]
[ 860 0.976962971897238 0.35778175313059035 0.48598736432852746 4.7 ]
[ 861 0.9407791581232662 0.26833631484794274 0.4535882067066256 4.7 ]
[ 862 0.9287178868652756 0.26833631484794274 0.4373886278956747 4.7 ]
[ 863 0.9166566156072851 0.26833631484794274 0.4211890490847238 4.7 ]
[ 864 0.9166566156072851 0.26833631484794274 0.4211890490847238 4.7 ]
[ 865 0.8925340730913038 0.26833631484794274 0.4049894702737729 4.6 ]
[ 866 0.8804728018333133 0.26833631484794274 0.388789891462822 4.6 ]
[ 867 0.8804728018333133 0.26833631484794274 0.388789891462822 4.6 ]
[ 868 0.8804728018333133 0.26833631484794274 0.388789891462822 4.6 ]
[ 869 0.856350259317332 0.26833631484794274 0.3563907338409201 4.6 ]
[ 870 0.8442889880593415 0.26833631484794274 0.3401911550299692 4.6 ]
[ 871 0.8442889880593415 0.26833631484794274 0.3401911550299692 4.6 ]
[ 872 0.8442889880593415 0.26833631484794274 0.3401911550299692 4.6 ]
[ 873 0.8201664455433603 0.26833631484794274 0.3077919974080674 4.6 ]
[ 874 0.8201664455433603 0.26833631484794274 0.3077919974080674 4.6 ]
[ 875 0.796043903027379 0.26833631484794274 0.2753928397861656 4.6 ]
[ 876 0.796043903027379 0.26833631484794274 0.2753928397861656 4.6 ]
[ 877 0.7839826317693884 0.26833631484794274 0.2591932609752146 4.6 ]
[ 878 0.7839826317693884 0.26833631484794274 0.2591932609752146 4.6 ]
[ 879 0.7839826317693884 0.26833631484794274 0.2591932609752146 4.6 ]
[ 880 0.7839826317693884 0.26833631484794274 0.2591932609752146 4.6 ]
[ 881 0.7839826317693884 0.26833631484794274 0.2591932609752146 4.6 ]
[ 882 0.7839826317693884 0.26833631484794274 0.2591932609752146 4.6 ]
[ 883 0.7839826317693884 0.26833631484794274 0.2591932609752146 4.6 ]
[ 884 0.7839826317693884 0.26833631484794274 0.2591932609752146 4.6 ]
[ 885 0.7839826317693884 0.26833631484794274 0.2591932609752146 4.6 ]
[ 886 0.7839826317693884 0.26833631484794274 0.2591932609752146 4.6 ]
[ 887 0.7839826317693884 0.26833631484794274 0.2591932609752146 4.6 ]
[ 888 0.7839826317693884 0.26833631484794274 0.2591932609752146 4.6 ]
[ 889 0.7477988179954167 0.26833631484794274 0.2267941033533128 4.5 ]
[ 890 0.7477988179954167 0.26833631484794274 0.2267941033533128 4.5 ]
[ 891 0.7477988179954167 0.26833631484794274 0.2267941033533128 4.5 ]
[ 892 0.7357375467374261 0.26833631484794274 0.2105945245423619 4.5 ]
[ 893 0.7357375467374261 0.26833631484794274 0.2105945245423619 4.5 ]
[ 894 0.7357375467374261 0.26833631484794274 0.2105945245423619 4.5 ]
[ 895 0.7236762754794356 0.17889087656529518 0.2105945245423619 4.5 ]
[ 896 0.6995537329634544 0.17889087656529518 0.17819536692046006 4.5 ]
[ 897 0.6995537329634544 0.17889087656529518 0.17819536692046006 4.5 ]
[ 898 0.6995537329634544 0.17889087656529518 0.17819536692046006 4.5 ]
[ 899 0.6995537329634544 0.17889087656529518 0.17819536692046006 4.5 ]
[ 900 0.6995537329634544 0.17889087656529518 0.17819536692046006 4.5 ]
[ 901 3.0273790857556384 0.4472271914132379 2.0411469301798153 12 ]
[ 902 0.7839826317693884 0.26833631484794274 0.2753928397861656 4.5 ]
[ 903 6.139187070317211 0.8944543828264758 4.60068038231006 21.5 ]
[ 904 4.124954770232782 0.7155635062611807 2.527134294508343 17.8 ]
[ 905 4.438547822940539 1.073345259391771 3.1427182893244776 16.2 ]
[ 906 7.1643951272464115 1.1627906976744187 5.767050056698526 22.5 ]
[ 907 8.672054034495236 1.9677996422182469 6.593228576057022 28.999999999999996 ]
[ 908 10.951634302255457 2.7728085867620753 8.861169609590151 33 ]
[ 909 11.144614642383308 2.7728085867620753 8.877369188401103 34.5 ]
[ 910 3.147991798335545 1.073345259391771 2.12214482423457 11.799999999999999 ]
[ 911 1.9418646725364852 0.8944543828264758 1.3931637777417787 6.5 ]
[ 912 1.5679652635387769 0.8050089445438283 1.1339705167665641 5.1 ]
[ 913 6.320106139187071 2.0572450805008944 5.264863113559048 17.599999999999998 ]
[ 914 9.878181160294295 3.309481216457961 8.32658350882877 26.8 ]
[ 915 1.9298034012784948 1.073345259391771 1.4417625141746315 5.8999999999999995 ]
[ 916 1.5438427210227958 0.9838998211091234 1.1339705167665641 4.7 ]
[ 917 1.4594138222168616 0.9838998211091234 1.0367730439008584 4.6 ]
[ 918 1.42323000844289 0.9838998211091234 0.9881743074680059 4.6 ]
[ 919 5.415510794837776 2.7728085867620753 4.2280900696581885 15.7 ]
[ 920 1.5559039922807862 0.9838998211091234 1.150170095577515 4.7 ]
[ 921 1.42323000844289 0.9838998211091234 0.9881743074680059 4.6 ]
[ 922 4.607405620552407 2.3255813953488373 3.094119552891625 16.5 ]
[ 923 9.094198528524906 4.114490161001789 7.306010043738863 25.7 ]
[ 924 12.073332529248583 5.277280858676208 10.173335493277175 31.4 ]
[ 925 12.145700156796527 5.635062611806798 10.09233759922242 32.1 ]
[ 926 13.870461946689181 8.050089445438283 11.647497165073709 34.1 ]
[ 927 14.07550355807502 7.4239713774597496 11.84189211080512 35.3 ]
[ 928 14.196116270654926 8.407871198568873 11.939089583670825 34.599999999999994 ]
[ 929 5.077795199614039 2.6833631484794274 3.7421027053296614 16 ]
[ 930 3.5701362923652153 2.23613595706619 2.9645229224040173 8.799999999999999 ]
[ 931 2.569050777951996 2.146690518783542 2.154543981856472 5.6000000000000005 ]
[ 932 2.098661198890363 2.146690518783542 1.6199578810950916 5 ]
[ 933 1.797129417440598 2.0572450805008944 1.2959663048760732 4.6 ]
[ 934 1.7247617898926548 1.8783542039355994 1.2311679896322696 4.6 ]
[ 935 1.688577976118683 1.8783542039355994 1.1825692531994167 4.6 ]
[ 936 1.6644554336027018 1.7889087656529516 1.1663696743884657 4.6 ]
[ 937 5.922084187673381 4.025044722719142 4.908472379718128 14.299999999999999 ]
[ 938 1.9056808587625134 2.23613595706619 1.4093633565527297 4.6 ]
[ 939 11.663249306476903 9.123434704830053 9.638749392515795 27 ]
[ 940 14.340851525750814 9.391771019677996 12.42507694799935 31.7 ]
[ 941 14.835363647328428 11.359570661896242 12.91106431232788 30.599999999999998 ]
[ 942 16.47569653841515 10.73345259391771 14.644419245099627 34.2 ]
[ 943 16.174164756965386 12.701252236135957 13.964036935039688 33.7 ]
[ 944 17.40441442528042 12.611806797853308 15.211404503482909 36.3 ]
[ 945 17.018453745024726 13.864042933810374 14.433824720557265 36.5 ]
[ 946 17.70594620673019 13.327370304114492 15.551595658512879 35.9 ]
[ 947 17.199372813894584 13.953488372093023 14.88741292726389 35.099999999999994 ]
[ 948 18.29694849837173 13.506261180679784 16.28057670500567 36.1 ]
[ 949 18.3331323121457 14.669051878354203 16.053782601652358 36.5 ]
[ 950 18.99650223133518 14.847942754919499 16.815162805767052 37.1 ]
[ 951 19.503075624170787 15.11627906976744 17.17155353960797 38.800000000000004 ]
[ 952 19.611627065492705 14.042933810375672 17.787137534424105 37.1 ]
[ 953 19.491014352912796 15.47406082289803 17.009557751498463 39.300000000000004 ]
[ 954 21.022795802677603 17.620751341681572 18.5485177385388 40.1 ]
[ 955 19.1050536726571 16.726296958855098 16.604568281224687 37.2 ]
[ 956 18.7190929924014 15.20572450805009 16.199578810950914 38.2 ]
[ 957 19.3583403690749 15.56350626118068 16.84756196338895 39.1 ]
[ 958 18.936195875045232 14.937388193202148 16.97715859387656 35.5 ]
[ 959 9.504281751296586 6.171735241502684 7.694799935201685 24.4 ]
[ 960 8.515257508141358 5.545617173524151 7.063016361574599 20.8 ]
[ 961 7.815703775177904 5.366726296958855 6.706625627733678 17.4 ]
[ 962 7.104088770956459 5.366726296958855 6.4150332091365625 13.3 ]
[ 963 6.3442286817030515 5.366726296958855 5.977644581240888 9.700000000000001 ]
[ 964 5.922084187673381 5.366726296958855 5.750850477887575 7.6 ]
[ 965 5.439633337353757 5.277280858676208 5.378260165235703 6 ]
[ 966 5.077795199614039 5.277280858676208 4.95707111615098 5.6000000000000005 ]
[ 967 9.817874804004342 7.8711985688729875 9.330957395107726 15 ]
[ 968 4.5953443492944155 5.008944543828265 4.487283330633404 4.8 ]
[ 969 11.675310577734892 10.107334525939176 10.286732544953832 22 ]
[ 970 6.706066819442769 5.813953488372093 6.836222258221286 6.9 ]
[ 971 4.052587142684839 5.008944543828265 3.7583022841406124 4.8 ]
[ 972 5.837655288867446 5.724508050089446 5.767050056698526 6.4 ]
[ 973 3.618381377397178 5.008944543828265 3.1913170257573302 4.7 ]
[ 974 3.3892172234953564 4.919499105545618 2.8997246071602136 4.7 ]
[ 975 3.2444819683994695 4.83005366726297 2.7215292402397537 4.7 ]
[ 976 3.1359305270775537 4.83005366726297 2.5757330309411954 4.7 ]
[ 977 3.003256543239657 4.83005366726297 2.3975376640207355 4.7 ]
[ 978 2.930888915691714 4.83005366726297 2.30034019115503 4.7 ]
[ 979 2.84646001688578 4.83005366726297 2.1869431394783736 4.7 ]
[ 980 2.810276203111808 4.83005366726297 2.138344403045521 4.7 ]
[ 981 2.786153660595827 4.83005366726297 2.105945245423619 4.7 ]
[ 982 2.786153660595827 4.83005366726297 2.105945245423619 4.7 ]
[ 983 2.774092389337836 4.83005366726297 2.089745666612668 4.7 ]
[ 984 2.762031118079846 4.83005366726297 2.089745666612668 4.6 ]
[ 985 2.749969846821855 4.740608228980322 2.089745666612668 4.6 ]
[ 986 2.737908575563864 4.651162790697675 2.089745666612668 4.6 ]
[ 987 2.7258473043058737 4.561717352415027 2.089745666612668 4.6 ]
[ 988 2.7137860330478834 4.561717352415027 2.073546087801717 4.6 ]
[ 989 2.701724761789893 4.561717352415027 2.0573465089907663 4.6 ]
[ 990 2.6776022192739117 4.47227191413238 2.0411469301798153 4.6 ]
[ 991 11.132553371125317 12.075134168157424 9.168961606998218 22.2 ]
[ 992 7.140272584730431 9.033989266547406 5.378260165235703 15.9 ]
[ 993 2.918827644433723 4.47227191413238 2.284140612344079 5.1 ]
[ 994 2.737908575563864 4.47227191413238 2.12214482423457 4.6 ]
[ 995 2.65347967675793 4.47227191413238 2.0087477725579133 4.6 ]
[ 996 2.6414184054999397 4.47227191413238 1.9925481937469625 4.6 ]
[ 997 2.6172958629839584 4.47227191413238 1.9601490361250609 4.6 ]
[ 998 2.605234591725968 4.382826475849732 1.9601490361250609 4.6 ]
[ 999 2.593173320467977 4.382826475849732 1.9439494573141098 4.6 ]
[ 1000 4.655650705584369 5.008944543828265 4.276688806091042 6.6000000000000005 ]
[ 1001 6.681944276926788 8.13953488372093 5.248663534748096 13.900000000000002 ]
[ 1002 2.786153660595827 4.561717352415027 2.1707435606674226 4.6 ]
[ 1003 2.605234591725968 4.561717352415027 1.9277498785031588 4.6 ]
[ 1004 2.569050777951996 4.47227191413238 1.895350720881257 4.6 ]
[ 1005 6.223615969123145 7.5134168157423975 4.762676170419569 13.8 ]
[ 1006 6.718128090700761 8.85509838998211 4.5358820670662565 17.8 ]
[ 1007 3.9802195151368958 5.635062611806798 3.110319131702576 7.5 ]
[ 1008 9.854058617778314 11.270125223613595 7.565203304714077 22.400000000000002 ]
[ 1009 12.567844650826196 12.343470483005367 10.448728333063341 25.900000000000002 ]
[ 1010 6.428657580508985 6.171735241502684 5.912846265997084 9.9 ]
[ 1011 3.1600530695935354 4.919499105545618 2.527134294508343 5.1 ]
[ 1012 2.810276203111808 4.83005366726297 2.138344403045521 4.7 ]
[ 1013 2.6776022192739117 4.740608228980322 1.9925481937469625 4.6 ]
[ 1014 2.569050777951996 4.651162790697675 1.8629515632593554 4.6 ]
[ 1015 2.5569895066940056 4.651162790697675 1.8467519844484044 4.6 ]
[ 1016 2.520805692920034 4.561717352415027 1.8143528268265023 4.6 ]
[ 1017 2.508744421662043 4.561717352415027 1.7981532480155518 4.6 ]
[ 1018 2.508744421662043 4.561717352415027 1.7981532480155518 4.6 ]
[ 1019 2.484621879146062 4.47227191413238 1.7819536692046007 4.6 ]
[ 1020 2.4484380653720903 4.293381037567084 1.7657540903936497 4.6 ]
[ 1021 2.4484380653720903 4.293381037567084 1.7657540903936497 4.6 ]
[ 1022 2.4363767941140995 4.203935599284437 1.7657540903936497 4.6 ]
[ 1023 2.4122542515981187 4.114490161001789 1.7495545115826987 4.6 ]
[ 1024 2.400192980340128 4.025044722719142 1.7495545115826987 4.6 ]
[ 1025 2.400192980340128 4.025044722719142 1.7495545115826987 4.6 ]
[ 1026 2.3881317090821375 4.025044722719142 1.733354932771748 4.6 ]
[ 1027 2.3881317090821375 4.025044722719142 1.733354932771748 4.6 ]
[ 1028 2.364009166566156 4.025044722719142 1.7009557751498463 4.6 ]
[ 1029 2.339886624050175 3.9355992844364938 1.6847561963388953 4.6 ]
[ 1030 2.3157640815341938 3.8461538461538463 1.6685566175279443 4.6 ]
[ 1031 2.3037028102762034 3.7567084078711988 1.6685566175279443 4.6 ]
[ 1032 2.2795802677602217 3.667262969588551 1.6523570387169932 4.6 ]
[ 1033 2.2675189965022313 3.667262969588551 1.6361574599060422 4.6 ]
[ 1034 2.2554577252442405 3.667262969588551 1.6199578810950916 4.6 ]
[ 1035 2.2313351827282597 3.5778175313059033 1.6037583022841406 4.6 ]
[ 1036 2.2192739114702693 3.488372093023256 1.6037583022841406 4.6 ]
[ 1037 2.2072126402122785 3.488372093023256 1.5875587234731898 4.6 ]
[ 1038 2.1830900976962972 3.488372093023256 1.555159565851288 4.6 ]
[ 1039 2.1830900976962972 3.488372093023256 1.555159565851288 4.6 ]
[ 1040 2.1830900976962972 3.488372093023256 1.555159565851288 4.6 ]
[ 1041 2.1710288264383064 3.488372093023256 1.538959987040337 4.6 ]
[ 1042 2.158967555180316 3.488372093023256 1.538959987040337 4.5 ]
[ 1043 2.1227837414063444 3.309481216457961 1.522760408229386 4.5 ]
[ 1044 2.074538656374382 3.2200357781753133 1.4741616717965331 4.5 ]
[ 1045 2.0383548426004103 3.1305903398926653 1.4579620929855823 4.3999999999999995 ]
[ 1046 1.978048486310457 2.9516994633273703 1.4255629353636805 4.3 ]
[ 1047 1.9418646725364852 2.9516994633273703 1.3769641989308279 4.3 ]
[ 1048 1.9298034012784948 2.9516994633273703 1.3769641989308279 4.2 ]
[ 1049 2.146906283922325 2.9516994633273703 1.4903612506074841 5.3 ]
[ 1050 1.8815583162465324 2.9516994633273703 1.328365462497975 4.1000000000000005 ]
[ 1051 1.8453745024725607 2.9516994633273703 1.2959663048760732 4 ]
[ 1052 1.7850681461826077 2.862254025044723 1.2311679896322696 4 ]
[ 1053 1.7368230611506452 2.7728085867620753 1.1825692531994167 4 ]
[ 1054 1.6765167048606922 2.6833631484794274 1.1177709379556133 4 ]
[ 1055 1.6644554336027018 2.6833631484794274 1.1177709379556133 3.9 ]
[ 1056 1.6041490773127487 2.6833631484794274 1.0367730439008584 3.9 ]
[ 1057 1.5197201785068146 2.5044722719141324 0.9881743074680059 3.6999999999999997 ]
[ 1058 1.507658907248824 2.5044722719141324 0.9719747286570549 3.6999999999999997 ]
[ 1059 1.4835363647328428 2.415026833631485 0.9719747286570549 3.5999999999999996 ]
[ 1060 1.4594138222168616 2.415026833631485 0.9395755710351531 3.5999999999999996 ]
[ 1061 1.3991074659269087 2.3255813953488373 0.9071764134132512 3.4000000000000004 ]
[ 1062 1.3749849234109275 2.23613595706619 0.8909768346023004 3.4000000000000004 ]
[ 1063 1.2784947533470028 2.0572450805008944 0.8099789405475458 3.3000000000000003 ]
[ 1064 1.2302496683150403 1.9677996422182469 0.761380204114693 3.3000000000000003 ]
[ 1065 1.1337594982511157 1.7889087656529516 0.6803823100599384 3.2 ]
[ 1066 1.121698226993125 1.7889087656529516 0.6641827312489875 3.2 ]
[ 1067 1.0855144132191532 1.6994633273703041 0.6479831524380366 3.1 ]
[ 1068 1.0613918707031722 1.6100178890876566 0.6317835736270857 3.1 ]
[ 1069 1.0252080569292004 1.520572450805009 0.5993844160051839 3.1 ]
[ 1070 0.9649017006392474 1.3416815742397137 0.5669852583832821 3 ]
[ 1071 0.9528404293812567 1.2522361359570662 0.5669852583832821 3 ]
[ 1072 0.9045953443492945 1.1627906976744187 0.5183865219504292 3 ]
[ 1073 0.8804728018333133 0.9838998211091234 0.5183865219504292 3 ]
[ 1074 0.8442889880593415 0.8944543828264758 0.48598736432852746 3 ]
[ 1075 0.7839826317693884 0.8944543828264758 0.4535882067066256 2.7 ]
[ 1076 0.7598600892534073 0.8944543828264758 0.4211890490847238 2.7 ]
[ 1077 7.260885297310336 6.171735241502684 6.301636157459906 14.399999999999999 ]
[ 1078 1.953925943794476 2.9516994633273703 1.4903612506074841 3.6999999999999997 ]
[ 1079 15.402243396453985 13.953488372093023 13.056860521626437 31.5 ]
[ 1080 10.19177421300205 12.880143112701253 8.294184351206868 18.9 ]
[ 1081 4.26969002532867 5.813953488372093 3.612506074842054 6.6000000000000005 ]
[ 1082 6.452780123024966 10.107334525939176 4.211890490847238 16.2 ]
[ 1083 2.4725606078880715 4.382826475849732 1.8791511420703062 4 ]
[ 1084 2.1951513689542876 4.293381037567084 1.538959987040337 3.9 ]
[ 1085 1.8574357737305511 3.8461538461538463 1.1987688320103678 3.6999999999999997 ]
[ 1086 1.6644554336027018 3.488372093023256 1.0205734650899076 3.5999999999999996 ]
[ 1087 1.5317814497648052 3.309481216457961 0.8747772557913494 3.5999999999999996 ]
[ 1088 1.3629236521529369 2.9516994633273703 0.7451806253037421 3.4000000000000004 ]
[ 1089 1.242310939573031 2.7728085867620753 0.6155839948161348 3.4000000000000004 ]
[ 1090 10.324448196839947 8.94454382826476 9.7359468653815 15.5 ]
[ 1091 2.1227837414063444 3.9355992844364938 1.6037583022841406 3.3000000000000003 ]
[ 1092 1.6041490773127487 2.9516994633273703 1.1177709379556133 3.1 ]
[ 1093 1.387046194668918 2.5044722719141324 0.9071764134132512 3.1 ]
[ 1094 1.2181883970570497 2.3255813953488373 0.7451806253037421 2.9000000000000004 ]
[ 1095 0.9649017006392474 1.7889087656529516 0.5183865219504292 2.8000000000000003 ]
[ 1096 0.7839826317693884 1.520572450805009 0.3401911550299692 2.7 ]
[ 1097 0.6995537329634544 1.2522361359570662 0.2753928397861656 2.7 ]
[ 1098 0.6151248341575202 1.073345259391771 0.2591932609752146 2.3 ]
[ 1099 0.5668797491255578 0.8050089445438283 0.2591932609752146 2.1999999999999997 ]
[ 1100 0.4824508503196237 0.6261180679785331 0.2105945245423619 2 ]
[ 1101 0.45832830780364253 0.6261180679785331 0.17819536692046006 2 ]
