[ 0 0.6030635628995297 4.47227191413238 0 0 ]
[ 1 0.6030635628995297 4.47227191413238 0 0 ]
[ 2 0.6030635628995297 4.47227191413238 0 0 ]
[ 3 0.6030635628995297 4.47227191413238 0 0 ]
[ 4 0.5065733928356049 3.7567084078711988 0 0 ]
[ 5 0.5065733928356049 3.7567084078711988 0 0 ]
[ 6 0.30153178144976484 2.23613595706619 0 0 ]
[ 7 0.2894705101917742 2.146690518783542 0 0 ]
[ 8 0.1688577976118683 1.2522361359570662 0 0 ]
[ 9 0.1809190688698589 1.3416815742397137 0 0 ]
[ 10 0.1688577976118683 1.2522361359570662 0 0 ]
[ 11 0.1688577976118683 1.2522361359570662 0 0 ]
[ 12 0.1809190688698589 1.3416815742397137 0 0 ]
[ 13 0.1567965263538777 1.1627906976744187 0 0 ]
[ 14 0.1567965263538777 1.1627906976744187 0 0 ]
[ 15 0.1567965263538777 1.1627906976744187 0 0 ]
[ 16 0.08442889880593415 0.6261180679785331 0 0 ]
[ 17 0.13267398383789653 0.9838998211091234 0 0 ]
[ 18 0.13267398383789653 0.9838998211091234 0 0 ]
[ 19 0.06030635628995296 0.4472271914132379 0 0 ]
[ 20 0.024122542515981185 0.17889087656529518 0 0 ]
[ 21 0.03618381377397178 0.26833631484794274 0 0 ]
[ 22 0.04824508503196237 0.35778175313059035 0 0 ]
[ 23 0.03618381377397178 0.26833631484794274 0 0 ]
[ 24 0.03618381377397178 0.26833631484794274 0 0 ]
[ 25 0.012061271257990593 0.08944543828264759 0 0 ]
[ 26 0.024122542515981185 0.17889087656529518 0 0 ]
[ 27 0.03618381377397178 0.26833631484794274 0 0 ]
[ 28 0.012061271257990593 0.08944543828264759 0 0 ]
[ 29 0.012061271257990593 0.08944543828264759 0 0 ]
[ 30 0.012061271257990593 0.08944543828264759 0 0 ]
[ 31 0.012061271257990593 0.08944543828264759 0 0 ]
[ 32 0.012061271257990593 0.08944543828264759 0 0 ]
[ 33 0.012061271257990593 0.08944543828264759 0 0 ]
[ 34 0.012061271257990593 0.08944543828264759 0 0 ]
[ 35 0.012061271257990593 0.08944543828264759 0 0 ]
[ 36 0.012061271257990593 0.08944543828264759 0 0 ]
[ 37 0.012061271257990593 0.08944543828264759 0 0 ]
[ 38 0.012061271257990593 0.08944543828264759 0 0 ]
[ 39 0.012061271257990593 0.08944543828264759 0 0 ]
[ 40 0.012061271257990593 0.08944543828264759 0 0 ]
[ 41 0.012061271257990593 0.08944543828264759 0 0 ]
[ 42 0.012061271257990593 0.08944543828264759 0 0 ]
[ 43 0.012061271257990593 0.08944543828264759 0 0 ]
[ 44 0.012061271257990593 0.08944543828264759 0 0 ]
[ 45 0.012061271257990593 0.08944543828264759 0 0 ]
[ 46 0.012061271257990593 0.08944543828264759 0 0 ]
[ 47 0.012061271257990593 0.08944543828264759 0 0 ]
[ 48 0.012061271257990593 0.08944543828264759 0 0 ]
[ 49 0.012061271257990593 0.08944543828264759 0 0 ]
[ 50 0.012061271257990593 0.08944543828264759 0 0 ]
[ 51 0.012061271257990593 0.08944543828264759 0 0 ]
[ 52 0.012061271257990593 0.08944543828264759 0 0 ]
[ 53 0.012061271257990593 0.08944543828264759 0 0 ]
[ 54 0.012061271257990593 0.08944543828264759 0 0 ]
[ 55 0.012061271257990593 0.08944543828264759 0 0 ]
[ 56 0.012061271257990593 0.08944543828264759 0 0 ]
[ 57 0.012061271257990593 0.08944543828264759 0 0 ]
[ 58 0.012061271257990593 0.08944543828264759 0 0 ]
[ 59 0.012061271257990593 0.08944543828264759 0 0 ]
[ 60 0.012061271257990593 0.08944543828264759 0 0 ]
[ 61 0.012061271257990593 0.08944543828264759 0 0 ]
[ 62 0.012061271257990593 0.08944543828264759 0 0 ]
[ 63 0.012061271257990593 0.08944543828264759 0 0 ]
[ 64 0.012061271257990593 0.08944543828264759 0 0 ]
[ 65 0.012061271257990593 0.08944543828264759 0 0 ]
[ 66 0.012061271257990593 0.08944543828264759 0 0 ]
[ 67 0.012061271257990593 0.08944543828264759 0 0 ]
[ 68 0.012061271257990593 0.08944543828264759 0 0 ]
[ 69 0.012061271257990593 0.08944543828264759 0 0 ]
[ 70 0.012061271257990593 0.08944543828264759 0 0 ]
[ 71 0.012061271257990593 0.08944543828264759 0 0 ]
[ 72 0.012061271257990593 0.08944543828264759 0 0 ]
[ 73 0.04824508503196237 0.35778175313059035 0 0 ]
[ 74 0.012061271257990593 0.08944543828264759 0 0 ]
[ 75 0.024122542515981185 0.17889087656529518 0 0 ]
[ 76 0.012061271257990593 0.08944543828264759 0 0 ]
[ 77 0.03618381377397178 0.26833631484794274 0 0 ]
[ 78 0.012061271257990593 0.08944543828264759 0 0 ]
[ 79 0.012061271257990593 0.08944543828264759 0 0 ]
[ 80 0.012061271257990593 0.08944543828264759 0 0 ]
[ 81 0.012061271257990593 0.08944543828264759 0 0 ]
[ 82 0.012061271257990593 0.08944543828264759 0 0 ]
[ 83 0.012061271257990593 0.08944543828264759 0 0 ]
[ 84 0 0 0 0 ]
[ 85 0 0 0 0 ]
[ 86 0 0 0 0 ]
[ 87 0 0 0 0 ]
[ 88 0 0 0 0 ]
[ 89 0 0 0 0 ]
[ 90 0 0 0 0 ]
[ 91 0 0 0 0 ]
[ 92 0 0 0 0 ]
[ 93 0 0 0 0 ]
[ 94 0 0 0 0 ]
[ 95 0 0 0 0 ]
[ 96 0 0 0 0 ]
[ 97 0 0 0 0 ]
[ 98 0 0 0 0 ]
[ 99 0.012061271257990593 0.08944543828264759 0 0 ]
[ 100 0 0 0 0 ]
[ 101 0 0 0 0 ]
[ 102 0 0 0 0 ]
[ 103 0.06030635628995296 0.4472271914132379 0 0 ]
[ 104 0.08442889880593415 0.6261180679785331 0 0 ]
[ 105 0.06030635628995296 0.4472271914132379 0 0 ]
[ 106 0.07236762754794356 0.5366726296958855 0 0 ]
[ 107 0.06030635628995296 0.4472271914132379 0 0 ]
[ 108 0.012061271257990593 0.08944543828264759 0 0 ]
[ 109 0.08442889880593415 0.6261180679785331 0 0 ]
[ 110 0.08442889880593415 0.6261180679785331 0 0 ]
[ 111 0.012061271257990593 0.08944543828264759 0 0 ]
[ 112 0.012061271257990593 0.08944543828264759 0 0 ]
[ 113 0.012061271257990593 0.08944543828264759 0 0 ]
[ 114 0.012061271257990593 0.08944543828264759 0 0 ]
[ 115 0.03618381377397178 0.26833631484794274 0 0 ]
[ 116 0.012061271257990593 0.08944543828264759 0 0 ]
[ 117 0.04824508503196237 0.35778175313059035 0 0 ]
[ 118 0.024122542515981185 0.17889087656529518 0 0 ]
[ 119 0.024122542515981185 0.17889087656529518 0 0 ]
[ 120 0.08442889880593415 0.6261180679785331 0 0 ]
[ 121 0.10855144132191533 0.8050089445438283 0 0 ]
[ 122 0.09649017006392474 0.7155635062611807 0 0 ]
[ 123 0.07236762754794356 0.5366726296958855 0 0 ]
[ 124 0.07236762754794356 0.5366726296958855 0 0 ]
[ 125 0.08442889880593415 0.6261180679785331 0 0 ]
[ 126 0.012061271257990593 0.08944543828264759 0 0 ]
[ 127 0.012061271257990593 0.08944543828264759 0 0 ]
[ 128 0.012061271257990593 0.08944543828264759 0 0 ]
[ 129 0.012061271257990593 0.08944543828264759 0 0 ]
[ 130 0.012061271257990593 0.08944543828264759 0 0 ]
[ 131 0.012061271257990593 0.08944543828264759 0 0 ]
[ 132 0.012061271257990593 0.08944543828264759 0 0 ]
[ 133 0.012061271257990593 0.08944543828264759 0 0 ]
[ 134 0.012061271257990593 0.08944543828264759 0 0 ]
[ 135 0.012061271257990593 0.08944543828264759 0 0 ]
[ 136 0.024122542515981185 0.17889087656529518 0 0 ]
[ 137 0.012061271257990593 0.08944543828264759 0 0 ]
[ 138 0.012061271257990593 0.08944543828264759 0 0 ]
[ 139 0.012061271257990593 0.08944543828264759 0 0 ]
[ 140 0.012061271257990593 0.08944543828264759 0 0 ]
[ 141 0.012061271257990593 0.08944543828264759 0 0 ]
[ 142 0.012061271257990593 0.08944543828264759 0 0 ]
[ 143 0.012061271257990593 0.08944543828264759 0 0 ]
[ 144 0.012061271257990593 0.08944543828264759 0 0 ]
[ 145 0.012061271257990593 0.08944543828264759 0 0 ]
[ 146 0.012061271257990593 0.08944543828264759 0 0 ]
[ 147 0.012061271257990593 0.08944543828264759 0 0 ]
[ 148 0.012061271257990593 0.08944543828264759 0 0 ]
[ 149 0.012061271257990593 0.08944543828264759 0 0 ]
[ 150 0.012061271257990593 0.08944543828264759 0 0 ]
[ 151 0.012061271257990593 0.08944543828264759 0 0 ]
[ 152 0.012061271257990593 0.08944543828264759 0 0 ]
[ 153 0.03618381377397178 0.26833631484794274 0 0 ]
[ 154 0.012061271257990593 0.08944543828264759 0 0 ]
[ 155 0.012061271257990593 0.08944543828264759 0 0 ]
[ 156 0.012061271257990593 0.08944543828264759 0 0 ]
[ 157 0.012061271257990593 0.08944543828264759 0 0 ]
[ 158 0.012061271257990593 0.08944543828264759 0 0 ]
[ 159 0 0 0 0 ]
[ 160 0.04824508503196237 0.26833631484794274 0 0.1 ]
[ 161 0 0 0 0 ]
[ 162 0 0 0 0 ]
[ 163 0 0 0 0 ]
[ 164 0 0 0 0 ]
[ 165 0.024122542515981185 0.17889087656529518 0 0 ]
[ 166 0.09649017006392474 0.6261180679785331 0 0.1 ]
[ 167 0.09649017006392474 0.4472271914132379 0 0.3 ]
[ 168 0.07236762754794356 0.35778175313059035 0 0.2 ]
[ 169 0.08442889880593415 0.35778175313059035 0 0.3 ]
[ 170 0.012061271257990593 0.08944543828264759 0 0 ]
[ 171 0.012061271257990593 0.08944543828264759 0 0 ]
[ 172 0.012061271257990593 0.08944543828264759 0 0 ]
[ 173 0 0 0 0 ]
[ 174 0 0 0 0 ]
[ 175 0 0 0 0 ]
[ 176 0 0 0 0 ]
[ 177 0 0 0 0 ]
[ 178 0 0 0 0 ]
[ 179 0 0 0 0 ]
[ 180 0 0 0 0 ]
[ 181 0 0 0 0 ]
[ 182 0 0 0 0 ]
[ 183 0 0 0 0 ]
[ 184 0 0 0 0 ]
[ 185 0 0 0 0 ]
[ 186 0 0 0 0 ]
[ 187 0 0 0 0 ]
[ 188 0 0 0 0 ]
[ 189 0 0 0 0 ]
[ 190 0 0 0 0 ]
[ 191 0 0 0 0 ]
[ 192 0 0 0 0 ]
[ 193 0.09649017006392474 0.4472271914132379 0 0.3 ]
[ 194 0.012061271257990593 0.08944543828264759 0 0 ]
[ 195 0 0 0 0 ]
[ 196 0 0 0 0 ]
[ 197 0.08442889880593415 0.4472271914132379 0 0.2 ]
[ 198 0.06030635628995296 0.26833631484794274 0 0.2 ]
[ 199 0.04824508503196237 0.26833631484794274 0 0.1 ]
[ 200 0.12061271257990593 0.35778175313059035 0 0.6 ]
[ 201 0.1809190688698589 0.6261180679785331 0 0.8 ]
[ 202 0.22916415390182127 0.9838998211091234 0 0.8 ]
[ 203 0.1567965263538777 0.26833631484794274 0 1 ]
[ 204 0.19298034012784948 0.4472271914132379 0 1.0999999999999999 ]
[ 205 0.08442889880593415 0.26833631484794274 0 0.4 ]
[ 206 0.03618381377397178 0.08944543828264759 0 0.2 ]
[ 207 0.1447352550958871 0.17889087656529518 0 1 ]
[ 208 0.20504161138584007 0.4472271914132379 0 1.2 ]
[ 209 0.26534796767579305 0.4472271914132379 0 1.7000000000000002 ]
[ 210 0.24122542515981185 0.6261180679785331 0 1.3 ]
[ 211 0.06030635628995296 0.08944543828264759 0 0.4 ]
[ 212 0.03618381377397178 0.08944543828264759 0 0.2 ]
[ 213 0.024122542515981185 0.08944543828264759 0 0.1 ]
[ 214 0.024122542515981185 0.08944543828264759 0 0.1 ]
[ 215 0.06030635628995296 0.08944543828264759 0 0.4 ]
[ 216 0.024122542515981185 0.08944543828264759 0 0.1 ]
[ 217 0.26534796767579305 0.35778175313059035 0 1.7999999999999998 ]
[ 218 0.2894705101917742 0.5366726296958855 0 1.7999999999999998 ]
[ 219 0.1567965263538777 0.35778175313059035 0 0.8999999999999999 ]
[ 220 0.25328669641780244 0.6261180679785331 0 1.4000000000000001 ]
[ 221 0.26534796767579305 0.5366726296958855 0 1.6 ]
[ 222 0.30153178144976484 0.4472271914132379 0 2 ]
[ 223 0.2894705101917742 0.4472271914132379 0 1.9 ]
[ 224 0.30153178144976484 0.26833631484794274 0 2.1999999999999997 ]
[ 225 0.07236762754794356 0.08944543828264759 0 0.5 ]
[ 226 0.04824508503196237 0.08944543828264759 0 0.3 ]
[ 227 0.03618381377397178 0.08944543828264759 0 0.2 ]
[ 228 0.024122542515981185 0.08944543828264759 0 0.1 ]
[ 229 0.024122542515981185 0.08944543828264759 0 0.1 ]
[ 230 0.024122542515981185 0.08944543828264759 0 0.1 ]
[ 231 0.024122542515981185 0.08944543828264759 0 0.1 ]
[ 232 0.024122542515981185 0.08944543828264759 0 0.1 ]
[ 233 0.024122542515981185 0.08944543828264759 0 0.1 ]
[ 234 0.024122542515981185 0.08944543828264759 0 0.1 ]
[ 235 0.024122542515981185 0.08944543828264759 0 0.1 ]
[ 236 0.024122542515981185 0.08944543828264759 0 0.1 ]
[ 237 0.024122542515981185 0.08944543828264759 0 0.1 ]
[ 238 0.024122542515981185 0.08944543828264759 0 0.1 ]
[ 239 0.024122542515981185 0.08944543828264759 0 0.1 ]
[ 240 0.024122542515981185 0.08944543828264759 0 0.1 ]
[ 241 0.024122542515981185 0.08944543828264759 0 0.1 ]
[ 242 0.024122542515981185 0.08944543828264759 0 0.1 ]
[ 243 0.024122542515981185 0.08944543828264759 0 0.1 ]
[ 244 0.024122542515981185 0.08944543828264759 0 0.1 ]
[ 245 0.024122542515981185 0.08944543828264759 0 0.1 ]
[ 246 0.024122542515981185 0.08944543828264759 0 0.1 ]
[ 247 0.024122542515981185 0.08944543828264759 0 0.1 ]
[ 248 0.024122542515981185 0.08944543828264759 0 0.1 ]
[ 249 0.1688577976118683 0.17889087656529518 0 1.2 ]
[ 250 0.03618381377397178 0.08944543828264759 0 0.2 ]
[ 251 0.42214449402967075 0.4472271914132379 0 3 ]
[ 252 0.38596068025569896 0.35778175313059035 0 2.8000000000000003 ]
[ 253 0.45832830780364253 0.5366726296958855 0 3.2 ]
[ 254 0.5306959353515861 0.35778175313059035 0 4 ]
[ 255 0.7719213605113979 0.5366726296958855 0 5.800000000000001 ]
[ 256 0.7839826317693884 0.6261180679785331 0 5.800000000000001 ]
[ 257 0.1688577976118683 0.08944543828264759 0 1.3 ]
[ 258 0.12061271257990593 0.08944543828264759 0 0.8999999999999999 ]
[ 259 0.06030635628995296 0.08944543828264759 0 0.4 ]
[ 260 0.06030635628995296 0.08944543828264759 0 0.4 ]
[ 261 0.06030635628995296 0.08944543828264759 0 0.4 ]
[ 262 0.06030635628995296 0.08944543828264759 0 0.4 ]
[ 263 0.06030635628995296 0.08944543828264759 0 0.4 ]
[ 264 0.06030635628995296 0.08944543828264759 0 0.4 ]
[ 265 0.04824508503196237 0.08944543828264759 0 0.3 ]
[ 266 0.04824508503196237 0.08944543828264759 0 0.3 ]
[ 267 0.04824508503196237 0.08944543828264759 0 0.3 ]
[ 268 0.04824508503196237 0.08944543828264759 0 0.3 ]
[ 269 0.04824508503196237 0.08944543828264759 0 0.3 ]
[ 270 0.04824508503196237 0.08944543828264759 0 0.3 ]
[ 271 0.03618381377397178 0.08944543828264759 0 0.2 ]
[ 272 0.03618381377397178 0.08944543828264759 0 0.2 ]
[ 273 0.03618381377397178 0.08944543828264759 0 0.2 ]
[ 274 0.03618381377397178 0.08944543828264759 0 0.2 ]
[ 275 0.03618381377397178 0.08944543828264759 0 0.2 ]
[ 276 0.03618381377397178 0.08944543828264759 0 0.2 ]
[ 277 0.03618381377397178 0.08944543828264759 0 0.2 ]
[ 278 0.41008322277168013 0.17889087656529518 0 3.2 ]
[ 279 0.3618381377397178 0.08944543828264759 0 2.9000000000000004 ]
[ 280 0.09649017006392474 0.08944543828264759 0 0.7000000000000001 ]
[ 281 0.6995537329634544 0.6261180679785331 0 5.1 ]
[ 282 0.976962971897238 0.7155635062611807 0 7.3 ]
[ 283 0.09649017006392474 0.08944543828264759 0 0.7000000000000001 ]
[ 284 0.06030635628995296 0.08944543828264759 0 0.4 ]
[ 285 0.06030635628995296 0.08944543828264759 0 0.4 ]
[ 286 0.4462670365456519 0.17889087656529518 0 3.5000000000000004 ]
[ 287 0.13267398383789653 0.17889087656529518 0 0.8999999999999999 ]
[ 288 0.1688577976118683 0.08944543828264759 0 1.3 ]
[ 289 0.5427572066095766 0.35778175313059035 0 4.1000000000000005 ]
[ 290 0.1567965263538777 0.08944543828264759 0 1.2 ]
[ 291 1.2181883970570497 0.7155635062611807 0 9.3 ]
[ 292 1.2905560246049934 0.8050089445438283 0 9.8 ]
[ 293 1.3146785671209744 0.5366726296958855 0 10.299999999999999 ]
[ 294 1.42323000844289 0.35778175313059035 0 11.4 ]
[ 295 1.0734531419611626 0.35778175313059035 0 8.5 ]
[ 296 1.7006392473766736 0.6261180679785331 0 13.4 ]
[ 297 1.4352912797008806 0.5366726296958855 0 11.3 ]
[ 298 1.42323000844289 0.4472271914132379 0 11.3 ]
[ 299 1.1458207695091063 0.17889087656529518 0 9.3 ]
[ 300 0.42214449402967075 0.08944543828264759 0 3.4000000000000004 ]
[ 301 1.0252080569292004 0.17889087656529518 0 8.3 ]
[ 302 1.6644554336027018 0.26833631484794274 0 13.5 ]
[ 303 1.411168737184899 0.4472271914132379 0 11.200000000000001 ]
[ 304 0.37389940899770835 0.08944543828264759 0 3 ]
[ 305 0.21710288264383065 0.08944543828264759 0 1.7000000000000002 ]
[ 306 0.20504161138584007 0.08944543828264759 0 1.6 ]
[ 307 0.20504161138584007 0.08944543828264759 0 1.6 ]
[ 308 0.20504161138584007 0.08944543828264759 0 1.6 ]
[ 309 1.0975756844771438 0.5366726296958855 0 8.5 ]
[ 310 0.20504161138584007 0.08944543828264759 0 1.6 ]
[ 311 0.19298034012784948 0.08944543828264759 0 1.5 ]
[ 312 0.19298034012784948 0.08944543828264759 0 1.5 ]
[ 313 0.19298034012784948 0.08944543828264759 0 1.5 ]
[ 314 0.19298034012784948 0.08944543828264759 0 1.5 ]
[ 315 0.19298034012784948 0.08944543828264759 0 1.5 ]
[ 316 0.19298034012784948 0.08944543828264759 0 1.5 ]
[ 317 0.19298034012784948 0.08944543828264759 0 1.5 ]
[ 318 0.19298034012784948 0.08944543828264759 0 1.5 ]
[ 319 0.19298034012784948 0.08944543828264759 0 1.5 ]
[ 320 0.19298034012784948 0.08944543828264759 0 1.5 ]
[ 321 0.19298034012784948 0.08944543828264759 0 1.5 ]
[ 322 0.19298034012784948 0.08944543828264759 0 1.5 ]
[ 323 0.19298034012784948 0.08944543828264759 0 1.5 ]
[ 324 0.1809190688698589 0.08944543828264759 0 1.4000000000000001 ]
[ 325 0.1688577976118683 0.08944543828264759 0 1.3 ]
[ 326 0.1688577976118683 0.08944543828264759 0 1.3 ]
[ 327 0.1688577976118683 0.08944543828264759 0 1.3 ]
[ 328 0.1688577976118683 0.08944543828264759 0 1.3 ]
[ 329 0.1688577976118683 0.08944543828264759 0 1.3 ]
[ 330 0.1688577976118683 0.08944543828264759 0 1.3 ]
[ 331 0.1567965263538777 0.08944543828264759 0 1.2 ]
[ 332 0.1567965263538777 0.08944543828264759 0 1.2 ]
[ 333 0.1567965263538777 0.08944543828264759 0 1.2 ]
[ 334 0.1447352550958871 0.08944543828264759 0 1.0999999999999999 ]
[ 335 0.13267398383789653 0.08944543828264759 0 1 ]
[ 336 0.13267398383789653 0.08944543828264759 0 1 ]
[ 337 0.13267398383789653 0.08944543828264759 0 1 ]
[ 338 0.13267398383789653 0.08944543828264759 0 1 ]
[ 339 0.13267398383789653 0.08944543828264759 0 1 ]
[ 340 0.13267398383789653 0.08944543828264759 0 1 ]
[ 341 0.13267398383789653 0.08944543828264759 0 1 ]
[ 342 0.12061271257990593 0.08944543828264759 0 0.8999999999999999 ]
[ 343 0.12061271257990593 0.08944543828264759 0 0.8999999999999999 ]
[ 344 0.10855144132191533 0.08944543828264759 0 0.8 ]
[ 345 0.10855144132191533 0.08944543828264759 0 0.8 ]
[ 346 0.10855144132191533 0.08944543828264759 0 0.8 ]
[ 347 0.09649017006392474 0.08944543828264759 0 0.7000000000000001 ]
[ 348 0.09649017006392474 0.08944543828264759 0 0.7000000000000001 ]
[ 349 0.09649017006392474 0.08944543828264759 0 0.7000000000000001 ]
[ 350 0.09649017006392474 0.08944543828264759 0 0.7000000000000001 ]
[ 351 0.09649017006392474 0.08944543828264759 0 0.7000000000000001 ]
[ 352 0.09649017006392474 0.08944543828264759 0 0.7000000000000001 ]
[ 353 0.09649017006392474 0.08944543828264759 0 0.7000000000000001 ]
[ 354 0.08442889880593415 0 0 0.7000000000000001 ]
[ 355 0.08442889880593415 0 0 0.7000000000000001 ]
[ 356 0.08442889880593415 0 0 0.7000000000000001 ]
[ 357 0.07236762754794356 0 0 0.6 ]
[ 358 0.07236762754794356 0 0 0.6 ]
[ 359 0.07236762754794356 0 0 0.6 ]
[ 360 0.07236762754794356 0 0 0.6 ]
[ 361 0.07236762754794356 0 0 0.6 ]
[ 362 0.06030635628995296 0 0 0.5 ]
[ 363 0.06030635628995296 0 0 0.5 ]
[ 364 0.06030635628995296 0 0 0.5 ]
[ 365 0.06030635628995296 0 0 0.5 ]
[ 366 0.06030635628995296 0 0 0.5 ]
[ 367 0.06030635628995296 0 0 0.5 ]
[ 368 0.06030635628995296 0 0 0.5 ]
[ 369 0.04824508503196237 0 0 0.4 ]
[ 370 0.03618381377397178 0 0 0.3 ]
[ 371 0.03618381377397178 0 0 0.3 ]
[ 372 0.24122542515981185 0.08944543828264759 0 1.9 ]
[ 373 0.9407791581232662 0.26833631484794274 0 7.5 ]
[ 374 0.1567965263538777 0 0 1.3 ]
[ 375 1.42323000844289 0.17889087656529518 0 11.600000000000001 ]
[ 376 0.45832830780364253 0.17889087656529518 0 3.5999999999999996 ]
[ 377 0.25328669641780244 0.08944543828264759 0 2 ]
[ 378 0.20504161138584007 0.08944543828264759 0 1.6 ]
[ 379 0.1567965263538777 0.08944543828264759 0 1.2 ]
[ 380 0.12061271257990593 0 0 1 ]
[ 381 0.10855144132191533 0 0 0.8999999999999999 ]
[ 382 0.10855144132191533 0 0 0.8999999999999999 ]
[ 383 0.08442889880593415 0 0 0.7000000000000001 ]
[ 384 0.07236762754794356 0 0 0.6 ]
[ 385 0.07236762754794356 0 0 0.6 ]
[ 386 0.07236762754794356 0 0 0.6 ]
[ 387 0.07236762754794356 0 0 0.6 ]
[ 388 0.06030635628995296 0 0 0.5 ]
[ 389 0.06030635628995296 0 0 0.5 ]
[ 390 0.06030635628995296 0 0 0.5 ]
[ 391 0.04824508503196237 0 0 0.4 ]
[ 392 0.04824508503196237 0 0 0.4 ]
[ 393 0.04824508503196237 0 0 0.4 ]
[ 394 0.04824508503196237 0 0 0.4 ]
[ 395 0.04824508503196237 0 0 0.4 ]
[ 396 0.024122542515981185 0 0 0.2 ]
[ 397 0.012061271257990593 0 0 0.1 ]
[ 398 0.012061271257990593 0 0 0.1 ]
[ 399 0.012061271257990593 0 0 0.1 ]
[ 400 0.012061271257990593 0 0 0.1 ]
[ 401 0 0 0 0 ]
[ 402 0 0 0 0 ]
[ 403 0.26534796767579305 0 0 2.1999999999999997 ]
[ 404 1.2784947533470028 0.26833631484794274 0 10.299999999999999 ]
[ 405 0.21710288264383065 0 0 1.7999999999999998 ]
[ 406 0.1809190688698589 0 0 1.5 ]
[ 407 0.1567965263538777 0 0 1.3 ]
[ 408 0.12061271257990593 0 0 1 ]
[ 409 0.10855144132191533 0 0 0.8999999999999999 ]
[ 410 0.024122542515981185 0 0 0.2 ]
[ 411 0.20504161138584007 0 0 1.7000000000000002 ]
[ 412 0.07236762754794356 0 0 0.6 ]
[ 413 1.5679652635387769 0.26833631484794274 0 12.7 ]
[ 414 0.3980219515136895 0 0 3.3000000000000003 ]
[ 415 0.25328669641780244 0 0 2.1 ]
[ 416 0.19298034012784948 0 0 1.6 ]
[ 417 0.1688577976118683 0 0 1.4000000000000001 ]
[ 418 0.1447352550958871 0 0 1.2 ]
[ 419 0.13267398383789653 0 0 1.0999999999999999 ]
[ 420 0.09649017006392474 0 0 0.8 ]
[ 421 0.08442889880593415 0 0 0.7000000000000001 ]
[ 422 0.04824508503196237 0 0 0.4 ]
[ 423 0.03618381377397178 0 0 0.3 ]
[ 424 0.012061271257990593 0 0 0.1 ]
[ 425 0.012061271257990593 0 0 0.1 ]
[ 426 0.012061271257990593 0 0 0.1 ]
[ 427 0.012061271257990593 0 0 0.1 ]
[ 428 0.012061271257990593 0 0 0.1 ]
[ 429 0.012061271257990593 0 0 0.1 ]
[ 430 0.012061271257990593 0 0 0.1 ]
[ 431 0.012061271257990593 0 0 0.1 ]
[ 432 0 0 0 0 ]
[ 433 0 0 0 0 ]
[ 434 0 0 0 0 ]
[ 435 0 0 0 0 ]
[ 436 0 0 0 0 ]
[ 437 0 0 0 0 ]
[ 438 0 0 0 0 ]
[ 439 0 0 0 0 ]
[ 440 0 0 0 0 ]
[ 441 0 0 0 0 ]
[ 442 0 0 0 0 ]
[ 443 0 0 0 0 ]
[ 444 0 0 0 0 ]
[ 445 0 0 0 0 ]
[ 446 0 0 0 0 ]
[ 447 0 0 0 0 ]
[ 448 0 0 0 0 ]
[ 449 0 0 0 0 ]
[ 450 0 0 0 0 ]
[ 451 0 0 0 0 ]
[ 452 0 0 0 0 ]
[ 453 0 0 0 0 ]
[ 454 0 0 0 0 ]
[ 455 0 0 0 0 ]
[ 456 0 0 0 0 ]
[ 457 0 0 0 0 ]
[ 458 0 0 0 0 ]
[ 459 0 0 0 0 ]
[ 460 0 0 0 0 ]
[ 461 0 0 0 0 ]
[ 462 0 0 0 0 ]
[ 463 0 0 0 0 ]
[ 464 0 0 0 0 ]
[ 465 0 0 0 0 ]
[ 466 0 0 0 0 ]
[ 467 0 0 0 0 ]
[ 468 0 0 0 0 ]
[ 469 0 0 0 0 ]
[ 470 0 0 0 0 ]
[ 471 0 0 0 0 ]
[ 472 0 0 0 0 ]
[ 473 0 0 0 0 ]
[ 474 0 0 0 0 ]
[ 475 0 0 0 0 ]
[ 476 0 0 0 0 ]
[ 477 0 0 0 0 ]
[ 478 0 0 0 0 ]
[ 479 0 0 0 0 ]
[ 480 0 0 0 0 ]
[ 481 0 0 0 0 ]
[ 482 0 0 0 0 ]
[ 483 0 0 0 0 ]
[ 484 0 0 0 0 ]
[ 485 0 0 0 0 ]
[ 486 0 0 0 0 ]
[ 487 0 0 0 0 ]
[ 488 0 0 0 0 ]
[ 489 0 0 0 0 ]
[ 490 0.21710288264383065 0 0 1.7999999999999998 ]
[ 491 0.25328669641780244 0 0 2.1 ]
[ 492 1.3749849234109275 0.26833631484794274 0 11.1 ]
[ 493 0.20504161138584007 0 0 1.7000000000000002 ]
[ 494 0.1809190688698589 0 0 1.5 ]
[ 495 0.13267398383789653 0 0 1.0999999999999999 ]
[ 496 0.10855144132191533 0 0 0.8999999999999999 ]
[ 497 0.09649017006392474 0 0 0.8 ]
[ 498 0.07236762754794356 0 0 0.6 ]
[ 499 0.07236762754794356 0 0 0.6 ]
[ 500 0.07236762754794356 0 0 0.6 ]
[ 501 0.07236762754794356 0 0 0.6 ]
[ 502 0.06030635628995296 0 0 0.5 ]
[ 503 0.03618381377397178 0 0 0.3 ]
[ 504 0.03618381377397178 0 0 0.3 ]
[ 505 0.012061271257990593 0 0 0.1 ]
[ 506 0.012061271257990593 0 0 0.1 ]
[ 507 0.012061271257990593 0 0 0.1 ]
[ 508 0 0 0 0 ]
[ 509 0 0 0 0 ]
[ 510 0 0 0 0 ]
[ 511 0 0 0 0 ]
[ 512 0 0 0 0 ]
[ 513 0 0 0 0 ]
[ 514 0 0 0 0 ]
[ 515 0 0 0 0 ]
[ 516 0 0 0 0 ]
[ 517 0 0 0 0 ]
[ 518 0 0 0 0 ]
[ 519 0 0 0 0 ]
[ 520 0 0 0 0 ]
[ 521 0 0 0 0 ]
[ 522 0 0 0 0 ]
[ 523 0 0 0 0 ]
[ 524 0 0 0 0 ]
[ 525 0 0 0 0 ]
[ 526 0 0 0 0 ]
[ 527 0 0 0 0 ]
[ 528 0 0 0 0 ]
[ 529 0 0 0 0 ]
[ 530 0 0 0 0 ]
[ 531 0 0 0 0 ]
[ 532 0 0 0 0 ]
[ 533 0 0 0 0 ]
[ 534 0 0 0 0 ]
[ 535 0 0 0 0 ]
[ 536 1.5197201785068146 0.17889087656529518 0 12.4 ]
[ 537 0.1688577976118683 0 0 1.4000000000000001 ]
[ 538 0.12061271257990593 0 0 1 ]
[ 539 0.10855144132191533 0 0 0.8999999999999999 ]
[ 540 0.09649017006392474 0 0 0.8 ]
[ 541 0.06030635628995296 0 0 0.5 ]
[ 542 0.04824508503196237 0 0 0.4 ]
[ 543 0.1567965263538777 0 0 1.3 ]
[ 544 0.04824508503196237 0 0 0.4 ]
[ 545 0.04824508503196237 0 0 0.4 ]
[ 546 0.03618381377397178 0 0 0.3 ]
[ 547 0.024122542515981185 0 0 0.2 ]
[ 548 0.012061271257990593 0 0 0.1 ]
[ 549 0.012061271257990593 0 0 0.1 ]
[ 550 0.012061271257990593 0 0 0.1 ]
[ 551 0.9407791581232662 0.08944543828264759 0 7.7 ]
[ 552 0.03618381377397178 0 0 0.3 ]
[ 553 0.024122542515981185 0 0 0.2 ]
[ 554 0.024122542515981185 0 0 0.2 ]
[ 555 0.024122542515981185 0 0 0.2 ]
[ 556 0.26534796767579305 0 0 2.1999999999999997 ]
[ 557 1.182004583283078 0.35778175313059035 0 9.4 ]
[ 558 0.1688577976118683 0 0 1.4000000000000001 ]
[ 559 0.13267398383789653 0 0 1.0999999999999999 ]
[ 560 0.13267398383789653 0 0 1.0999999999999999 ]
[ 561 0.12061271257990593 0 0 1 ]
[ 562 0.10855144132191533 0 0 0.8999999999999999 ]
[ 563 0.10855144132191533 0 0 0.8999999999999999 ]
[ 564 0.06030635628995296 0 0 0.5 ]
[ 565 1.387046194668918 0.35778175313059035 0 11.1 ]
[ 566 2.24339645398625 0.26833631484794274 0 18.3 ]
[ 567 0.3497768664817272 0.08944543828264759 0 2.8000000000000003 ]
[ 568 0.3135930527077554 0.08944543828264759 0 2.5 ]
[ 569 0.2894705101917742 0.08944543828264759 0 2.3 ]
[ 570 0.25328669641780244 0.08944543828264759 0 2 ]
[ 571 0.24122542515981185 0.08944543828264759 0 1.9 ]
[ 572 0.22916415390182127 0.08944543828264759 0 1.7999999999999998 ]
[ 573 0.19298034012784948 0.08944543828264759 0 1.5 ]
[ 574 0.1688577976118683 0.08944543828264759 0 1.3 ]
[ 575 0.1567965263538777 0 0 1.3 ]
[ 576 0.13267398383789653 0 0 1.0999999999999999 ]
[ 577 0.12061271257990593 0 0 1 ]
[ 578 0.3377155952237366 0 0 2.8000000000000003 ]
[ 579 0.09649017006392474 0 0 0.8 ]
[ 580 0.07236762754794356 0 0 0.6 ]
[ 581 0.04824508503196237 0 0 0.4 ]
[ 582 0.04824508503196237 0 0 0.4 ]
[ 583 0.25328669641780244 0 0 2.1 ]
[ 584 0.09649017006392474 0 0 0.8 ]
[ 585 1.3146785671209744 0.17889087656529518 0 10.7 ]
[ 586 2.1227837414063444 0.5366726296958855 0 17 ]
[ 587 0.5548184778675673 0.08944543828264759 0 4.5 ]
[ 588 0.325654323965746 0.08944543828264759 0 2.6 ]
[ 589 0.30153178144976484 0 0 2.5 ]
[ 590 0.27740923893378366 0 0 2.3 ]
[ 591 0.25328669641780244 0 0 2.1 ]
[ 592 0.21710288264383065 0 0 1.7999999999999998 ]
[ 593 0.1688577976118683 0 0 1.4000000000000001 ]
[ 594 0.1688577976118683 0 0 1.4000000000000001 ]
[ 595 0.13267398383789653 0 0 1.0999999999999999 ]
[ 596 0.09649017006392474 0 0 0.8 ]
[ 597 0.09649017006392474 0 0 0.8 ]
[ 598 0.08442889880593415 0 0 0.7000000000000001 ]
[ 599 0.08442889880593415 0 0 0.7000000000000001 ]
[ 600 0.06030635628995296 0 0 0.5 ]
[ 601 0.04824508503196237 0 0 0.4 ]
[ 602 0.04824508503196237 0 0 0.4 ]
[ 603 0.04824508503196237 0 0 0.4 ]
[ 604 0.03618381377397178 0 0 0.3 ]
[ 605 0.024122542515981185 0 0 0.2 ]
[ 606 0.024122542515981185 0 0 0.2 ]
[ 607 0.024122542515981185 0 0 0.2 ]
[ 608 1.5679652635387769 0.26833631484794274 0 12.7 ]
[ 609 0.21710288264383065 0 0 1.7999999999999998 ]
[ 610 0.20504161138584007 0 0 1.7000000000000002 ]
[ 611 1.387046194668918 0.17889087656529518 0 11.3 ]
[ 612 0.20504161138584007 0 0 1.7000000000000002 ]
[ 613 0.3377155952237366 0 0 2.8000000000000003 ]
[ 614 0.20504161138584007 0 0 1.7000000000000002 ]
[ 615 1.3749849234109275 0.17889087656529518 0 11.200000000000001 ]
[ 616 0.24122542515981185 0 0 2 ]
[ 617 2.605234591725968 0.7155635062611807 0 20.8 ]
[ 618 2.774092389337836 0.7155635062611807 0 22.2 ]
[ 619 2.1227837414063444 0.35778175313059035 0 17.2 ]
[ 620 0.6874924617054637 0.08944543828264759 0 5.6000000000000005 ]
[ 621 0.4462670365456519 0.08944543828264759 0 3.5999999999999996 ]
[ 622 0.42214449402967075 0.08944543828264759 0 3.4000000000000004 ]
[ 623 0.42214449402967075 0.08944543828264759 0 3.4000000000000004 ]
[ 624 0.41008322277168013 0.08944543828264759 0 3.3000000000000003 ]
[ 625 0.3980219515136895 0.08944543828264759 0 3.2 ]
[ 626 0.37389940899770835 0.08944543828264759 0 3 ]
[ 627 0.3618381377397178 0.08944543828264759 0 2.9000000000000004 ]
[ 628 0.325654323965746 0.08944543828264759 0 2.6 ]
[ 629 0.3135930527077554 0 0 2.6 ]
[ 630 0.30153178144976484 0 0 2.5 ]
[ 631 0.2894705101917742 0 0 2.4 ]
[ 632 0.26534796767579305 0 0 2.1999999999999997 ]
[ 633 0.25328669641780244 0 0 2.1 ]
[ 634 0.21710288264383065 0 0 1.7999999999999998 ]
[ 635 0.1809190688698589 0 0 1.5 ]
[ 636 0.1567965263538777 0 0 1.3 ]
[ 637 0.1447352550958871 0 0 1.2 ]
[ 638 0.12061271257990593 0 0 1 ]
[ 639 0.08442889880593415 0 0 0.7000000000000001 ]
[ 640 0.08442889880593415 0 0 0.7000000000000001 ]
[ 641 0.3377155952237366 0.17889087656529518 0 2.6 ]
[ 642 2.7137860330478834 0.7155635062611807 0 21.7 ]
[ 643 0.4462670365456519 0.08944543828264759 0 3.5999999999999996 ]
[ 644 0.38596068025569896 0.08944543828264759 0 3.1 ]
[ 645 0.3618381377397178 0.08944543828264759 0 2.9000000000000004 ]
[ 646 0.325654323965746 0 0 2.7 ]
[ 647 0.26534796767579305 0 0 2.1999999999999997 ]
[ 648 0.1809190688698589 0 0 1.5 ]
[ 649 1.3508623808949465 0.26833631484794274 0 10.9 ]
[ 650 0.25328669641780244 0 0 2.1 ]
[ 651 2.6776022192739117 0.6261180679785331 0 21.5 ]
[ 652 3.003256543239657 0.6261180679785331 0 24.2 ]
[ 653 3.220359425883488 0.6261180679785331 0 26 ]
[ 654 3.618381377397178 0.4472271914132379 0 29.5 ]
[ 655 3.425401037269328 0.5366726296958855 0 27.800000000000004 ]
[ 656 3.5701362923652153 0.5366726296958855 0.016199578810950913 28.9 ]
[ 657 3.2686045109154502 0.08944543828264759 0 27 ]
[ 658 3.0635628995296105 0.35778175313059035 0 25 ]
[ 659 1.3749849234109275 0.08944543828264759 0 11.3 ]
[ 660 0.8925340730913038 0.08944543828264759 0 7.3 ]
[ 661 0.6030635628995297 0.08944543828264759 0 4.9 ]
[ 662 0.4824508503196237 0.08944543828264759 0 3.9 ]
[ 663 0.4824508503196237 0.08944543828264759 0 3.9 ]
[ 664 0.4703895790616331 0.08944543828264759 0 3.8 ]
[ 665 0.4703895790616331 0.08944543828264759 0 3.8 ]
[ 666 0.4703895790616331 0.08944543828264759 0 3.8 ]
[ 667 0.45832830780364253 0.08944543828264759 0 3.6999999999999997 ]
[ 668 0.45832830780364253 0.08944543828264759 0 3.6999999999999997 ]
[ 669 0.4462670365456519 0.08944543828264759 0 3.5999999999999996 ]
[ 670 0.4342057652876613 0 0 3.5999999999999996 ]
[ 671 0.4342057652876613 0 0 3.5999999999999996 ]
[ 672 0.41008322277168013 0 0 3.4000000000000004 ]
[ 673 0.41008322277168013 0 0 3.4000000000000004 ]
[ 674 0.41008322277168013 0 0 3.4000000000000004 ]
[ 675 0.3980219515136895 0 0 3.3000000000000003 ]
[ 676 0.3980219515136895 0 0 3.3000000000000003 ]
[ 677 0.3980219515136895 0 0 3.3000000000000003 ]
[ 678 0.3980219515136895 0 0 3.3000000000000003 ]
[ 679 0.38596068025569896 0 0 3.2 ]
[ 680 0.38596068025569896 0 0 3.2 ]
[ 681 0.3618381377397178 0 0 3 ]
[ 682 0.3497768664817272 0 0 2.9000000000000004 ]
[ 683 0.325654323965746 0 0 2.7 ]
[ 684 0.3135930527077554 0 0 2.6 ]
[ 685 0.30153178144976484 0 0 2.5 ]
[ 686 0.2894705101917742 0 0 2.4 ]
[ 687 0.2894705101917742 0 0 2.4 ]
[ 688 0.2894705101917742 0 0 2.4 ]
[ 689 1.5438427210227958 0.08944543828264759 0 12.7 ]
[ 690 0.6754311904474732 0.08944543828264759 0 5.5 ]
[ 691 0.3980219515136895 0 0 3.3000000000000003 ]
[ 692 0.3497768664817272 0 0 2.9000000000000004 ]
[ 693 1.1458207695091063 0.17889087656529518 0.016199578810950913 9.2 ]
[ 694 0.325654323965746 0 0 2.7 ]
[ 695 0.325654323965746 0 0 2.7 ]
[ 696 2.146906283922325 0.4472271914132379 0 17.299999999999997 ]
[ 697 1.7609456036666267 0.17889087656529518 0.016199578810950913 14.299999999999999 ]
[ 698 0.4703895790616331 0 0 3.9 ]
[ 699 0.3980219515136895 0 0 3.3000000000000003 ]
[ 700 0.37389940899770835 0 0 3.1 ]
[ 701 0.3618381377397178 0 0 3 ]
[ 702 0.3377155952237366 0 0 2.8000000000000003 ]
[ 703 0.325654323965746 0 0 2.7 ]
[ 704 0.30153178144976484 0 0 2.5 ]
[ 705 0.26534796767579305 0 0 2.1999999999999997 ]
[ 706 0.25328669641780244 0 0 2.1 ]
[ 707 0.24122542515981185 0 0 2 ]
[ 708 0.22916415390182127 0 0 1.9 ]
[ 709 0.21710288264383065 0 0 1.7999999999999998 ]
[ 710 0.19298034012784948 0 0 1.6 ]
[ 711 0.1809190688698589 0 0 1.5 ]
[ 712 0.1809190688698589 0 0 1.5 ]
[ 713 0.1809190688698589 0 0 1.5 ]
[ 714 0.13267398383789653 0 0 1.0999999999999999 ]
[ 715 1.3388011096369559 0.17889087656529518 0.016199578810950913 10.8 ]
[ 716 0.22916415390182127 0 0 1.9 ]
[ 717 2.2795802677602217 0.26833631484794274 0.04859873643285275 18.3 ]
[ 718 0.45832830780364253 0 0 3.8 ]
[ 719 1.507658907248824 0.26833631484794274 0 12.2 ]
[ 720 0.37389940899770835 0 0 3.1 ]
[ 721 2.581112049209987 0.4472271914132379 0.06479831524380365 20.5 ]
[ 722 3.1238692558195633 0.5366726296958855 0.04859873643285275 25 ]
[ 723 3.594258834881196 0.35778175313059035 0.04859873643285275 29.099999999999998 ]
[ 724 3.7269328187190927 0.4472271914132379 0.1133970516766564 29.7 ]
[ 725 1.2061271257990593 0.08944543828264759 0.016199578810950913 9.8 ]
[ 726 0.651308647931492 0.08944543828264759 0 5.3 ]
[ 727 0.5306959353515861 0.08944543828264759 0 4.3 ]
[ 728 0.5306959353515861 0.08944543828264759 0 4.3 ]
[ 729 0.5306959353515861 0.08944543828264759 0 4.3 ]
[ 730 0.5186346640935955 0.08944543828264759 0 4.2 ]
[ 731 1.6403328910867205 0.26833631484794274 0.04859873643285275 13 ]
[ 732 0.5065733928356049 0.08944543828264759 0 4.1000000000000005 ]
[ 733 0.5065733928356049 0.08944543828264759 0 4.1000000000000005 ]
[ 734 0.49451212157761426 0.08944543828264759 0 4 ]
[ 735 1.4835363647328428 0.26833631484794274 0.04859873643285275 11.700000000000001 ]
[ 736 0.4824508503196237 0 0 4 ]
[ 737 1.773006874924617 0.08944543828264759 0.032399157621901827 14.399999999999999 ]
[ 738 3.280665782173441 0.6261180679785331 0.16199578810950915 25.5 ]
[ 739 3.2927270534314315 0.7155635062611807 0.16199578810950915 25.5 ]
[ 740 0.856350259317332 0.17889087656529518 0.04859873643285275 6.6000000000000005 ]
[ 741 0.6271861054155108 0.17889087656529518 0.032399157621901827 4.8 ]
[ 742 0.5789410203835484 0.08944543828264759 0.032399157621901827 4.5 ]
[ 743 0.5789410203835484 0.08944543828264759 0.032399157621901827 4.5 ]
[ 744 0.5668797491255578 0.08944543828264759 0.032399157621901827 4.3999999999999995 ]
[ 745 0.5306959353515861 0.08944543828264759 0.016199578810950913 4.2 ]
[ 746 0.5306959353515861 0.08944543828264759 0.016199578810950913 4.2 ]
[ 747 0.5065733928356049 0.08944543828264759 0 4.1000000000000005 ]
[ 748 0.4824508503196237 0.08944543828264759 0 3.9 ]
[ 749 1.773006874924617 0.35778175313059035 0.032399157621901827 14.099999999999998 ]
[ 750 3.401278494753347 0.6261180679785331 0.194394945731411 26.3 ]
[ 751 0.7357375467374261 0.08944543828264759 0.032399157621901827 5.800000000000001 ]
[ 752 0.5668797491255578 0.08944543828264759 0.032399157621901827 4.3999999999999995 ]
[ 753 0.5548184778675673 0.08944543828264759 0.016199578810950913 4.3999999999999995 ]
[ 754 0.5427572066095766 0.08944543828264759 0.016199578810950913 4.3 ]
[ 755 0.5306959353515861 0.08944543828264759 0.016199578810950913 4.2 ]
[ 756 0.49451212157761426 0.08944543828264759 0.016199578810950913 3.9 ]
[ 757 0.4703895790616331 0.08944543828264759 0 3.8 ]
[ 758 0.4462670365456519 0.08944543828264759 0 3.5999999999999996 ]
[ 759 0.41008322277168013 0.08944543828264759 0 3.3000000000000003 ]
[ 760 0.38596068025569896 0.08944543828264759 0 3.1 ]
[ 761 0.3497768664817272 0.08944543828264759 0 2.8000000000000003 ]
[ 762 0.3497768664817272 0.08944543828264759 0 2.8000000000000003 ]
[ 763 0.3497768664817272 0.08944543828264759 0 2.8000000000000003 ]
[ 764 0.3377155952237366 0 0 2.8000000000000003 ]
[ 765 0.3135930527077554 0 0 2.6 ]
[ 766 0.25328669641780244 0 0 2.1 ]
[ 767 0.25328669641780244 0 0 2.1 ]
[ 768 0.25328669641780244 0 0 2.1 ]
[ 769 1.773006874924617 0.17889087656529518 0.06479831524380365 14.099999999999998 ]
[ 770 2.870582559401761 0.26833631484794274 0.16199578810950915 22.5 ]
[ 771 3.6666264624291403 0.8050089445438283 0.2267941033533128 28.1 ]
[ 772 4.137016041490773 0.26833631484794274 0.388789891462822 31.6 ]
[ 773 1.0010855144132191 0.08944543828264759 0.04859873643285275 7.9 ]
[ 774 0.6754311904474732 0.08944543828264759 0.032399157621901827 5.3 ]
[ 775 1.8815583162465324 0.35778175313059035 0.14579620929855822 14.299999999999999 ]
[ 776 0.6271861054155108 0.08944543828264759 0.04859873643285275 4.8 ]
[ 777 3.1118079845615725 0.26833631484794274 0.29159241859711643 23.7 ]
[ 778 3.25654323965746 0.4472271914132379 0.3239915762190183 24.5 ]
[ 779 3.147991798335545 0.4472271914132379 0.46978778551757655 22.7 ]
[ 780 0.9528404293812567 0.08944543828264759 0.08099789405475458 7.3 ]
[ 781 0.6392473766735014 0 0.08099789405475458 4.8 ]
[ 782 0.6151248341575202 0 0.08099789405475458 4.6 ]
[ 783 0.711615004221445 0 0.08099789405475458 5.4 ]
[ 784 0.6030635628995297 0 0.06479831524380365 4.6 ]
[ 785 0.5548184778675673 0 0.04859873643285275 4.3 ]
[ 786 0.5548184778675673 0 0.04859873643285275 4.3 ]
[ 787 0.5548184778675673 0 0.04859873643285275 4.3 ]
[ 788 0.5548184778675673 0 0.04859873643285275 4.3 ]
[ 789 1.4594138222168616 0 0.14579620929855822 11.200000000000001 ]
[ 790 0.5427572066095766 0 0.06479831524380365 4.1000000000000005 ]
[ 791 3.3650946809793756 0.08944543828264759 0.5669852583832821 24.3 ]
[ 792 3.87166807381498 0.26833631484794274 0.6317835736270857 27.900000000000002 ]
[ 793 0.7839826317693884 0.08944543828264759 0.1295966304876073 5.6000000000000005 ]
[ 794 2.3519478953081654 0.7155635062611807 0.29159241859711643 16.900000000000002 ]
[ 795 0.651308647931492 0.08944543828264759 0.08099789405475458 4.8 ]
[ 796 0.6151248341575202 0.08944543828264759 0.08099789405475458 4.5 ]
[ 797 0.5789410203835484 0.08944543828264759 0.06479831524380365 4.3 ]
[ 798 0.5427572066095766 0 0.06479831524380365 4.1000000000000005 ]
[ 799 0.5186346640935955 0 0.04859873643285275 4 ]
[ 800 0.49451212157761426 0 0.016199578810950913 4 ]
[ 801 0.49451212157761426 0 0.016199578810950913 4 ]
[ 802 0.5186346640935955 0 0.04859873643285275 4 ]
[ 803 0.49451212157761426 0 0.032399157621901827 3.9 ]
[ 804 0.49451212157761426 0 0.032399157621901827 3.9 ]
[ 805 0.4703895790616331 0 0.032399157621901827 3.6999999999999997 ]
[ 806 0.45832830780364253 0 0.032399157621901827 3.5999999999999996 ]
[ 807 0.4462670365456519 0 0.032399157621901827 3.5000000000000004 ]
[ 808 0.3980219515136895 0 0.016199578810950913 3.2 ]
[ 809 0.38596068025569896 0 0.016199578810950913 3.1 ]
[ 810 0.37389940899770835 0 0.016199578810950913 3 ]
[ 811 0.3618381377397178 0 0.016199578810950913 2.9000000000000004 ]
[ 812 0.325654323965746 0 0.016199578810950913 2.6 ]
[ 813 0.325654323965746 0 0.016199578810950913 2.6 ]
[ 814 0.325654323965746 0 0.016199578810950913 2.6 ]
[ 815 0.325654323965746 0 0.016199578810950913 2.6 ]
[ 816 0.3135930527077554 0 0 2.6 ]
[ 817 0.3135930527077554 0 0 2.6 ]
[ 818 0.30153178144976484 0 0 2.5 ]
[ 819 1.869497044988542 0.26833631484794274 0.3401911550299692 13.100000000000001 ]
[ 820 3.6666264624291403 0.7155635062611807 0.777579782925644 24.8 ]
[ 821 4.3661801953925945 0.5366726296958855 1.0691722015227605 28.999999999999996 ]
[ 822 4.583283078036425 0.7155635062611807 1.2149684108213186 29.7 ]
[ 823 5.005427572066096 0.8050089445438283 1.4417625141746315 31.7 ]
[ 824 4.390302737908575 0.6261180679785331 1.2311679896322696 28.1 ]
[ 825 3.7993004462670363 0.4472271914132379 0.9719747286570549 25 ]
[ 826 3.8837293450729704 0.26833631484794274 1.2149684108213186 24.4 ]
[ 827 1.3508623808949465 0.17889087656529518 0.3401911550299692 8.9 ]
[ 828 0.9407791581232662 0.08944543828264759 0.2591932609752146 6.1 ]
[ 829 0.8322277168013509 0.08944543828264759 0.2105945245423619 5.5 ]
[ 830 0.7477988179954167 0.08944543828264759 0.194394945731411 4.9 ]
[ 831 0.7357375467374261 0.08944543828264759 0.17819536692046006 4.9 ]
[ 832 0.7357375467374261 0.08944543828264759 0.17819536692046006 4.9 ]
[ 833 0.7357375467374261 0.08944543828264759 0.17819536692046006 4.9 ]
[ 834 0.7236762754794356 0.08944543828264759 0.17819536692046006 4.8 ]
[ 835 2.593173320467977 0.4472271914132379 0.9233759922242022 15.299999999999999 ]
[ 836 1.7850681461826077 0.17889087656529518 0.7289810464927912 10.100000000000001 ]
[ 837 4.462670365456519 0.4472271914132379 1.7171553539607969 25.900000000000002 ]
[ 838 5.367265709805814 0.8944543828264758 1.895350720881257 31.8 ]
[ 839 5.5843685924496445 0.8050089445438283 2.316539769965981 31.1 ]
[ 840 5.970329272705343 0.8944543828264758 2.3651385063988335 33.900000000000006 ]
[ 841 6.52514775057291 1.073345259391771 2.9645229224040173 34.599999999999994 ]
[ 842 6.621637920636834 1.2522361359570662 2.7863275554835574 36.3 ]
[ 843 6.862863345796646 1.1627906976744187 3.3047140774339865 35.199999999999996 ]
[ 844 7.116150042214449 0.4472271914132379 3.6611048112749067 35.9 ]
[ 845 7.502110722470149 0.7155635062611807 4.373886278956747 34.4 ]
[ 846 7.791581232661922 0.8050089445438283 4.357686700145797 36.8 ]
[ 847 7.984561572789772 0.7155635062611807 4.7464765916086185 36.1 ]
[ 848 7.092027499698468 1.1627906976744187 4.147092175603434 31.900000000000002 ]
[ 849 5.777348932577494 0.9838998211091234 3.110319131702576 27.6 ]
[ 850 6.042696900253286 0.9838998211091234 3.482909444354447 27.500000000000004 ]
[ 851 2.762031118079846 0.26833631484794274 0.9395755710351531 16.8 ]
[ 852 2.1107224701483536 0.17889087656529518 0.8261785193584966 12.2 ]
[ 853 1.6644554336027018 0.17889087656529518 0.7289810464927912 9.1 ]
[ 854 1.3508623808949465 0.17889087656529518 0.6479831524380366 7.000000000000001 ]
[ 855 1.1940658545410687 0.17889087656529518 0.5669852583832821 6.2 ]
[ 856 1.0493305994451816 0.17889087656529518 0.5021869431394783 5.4 ]
[ 857 1.037269328187191 0.17889087656529518 0.48598736432852746 5.4 ]
[ 858 0.9649017006392474 0.17889087656529518 0.4211890490847238 5.2 ]
[ 859 0.9528404293812567 0.17889087656529518 0.4049894702737729 5.2 ]
[ 860 0.9166566156072851 0.08944543828264759 0.37259031265187104 5.2 ]
[ 861 0.9045953443492945 0.08944543828264759 0.3563907338409201 5.2 ]
[ 862 0.9045953443492945 0.08944543828264759 0.3563907338409201 5.2 ]
[ 863 0.8925340730913038 0.08944543828264759 0.3401911550299692 5.2 ]
[ 864 0.8925340730913038 0.08944543828264759 0.3401911550299692 5.2 ]
[ 865 0.8925340730913038 0.08944543828264759 0.3401911550299692 5.2 ]
[ 866 0.8925340730913038 0.08944543828264759 0.3401911550299692 5.2 ]
[ 867 0.8804728018333133 0.08944543828264759 0.3401911550299692 5.1 ]
[ 868 0.8804728018333133 0.08944543828264759 0.3401911550299692 5.1 ]
[ 869 0.856350259317332 0.08944543828264759 0.3077919974080674 5.1 ]
[ 870 0.856350259317332 0.08944543828264759 0.3077919974080674 5.1 ]
[ 871 0.856350259317332 0.08944543828264759 0.3077919974080674 5.1 ]
[ 872 0.8201664455433603 0.08944543828264759 0.29159241859711643 4.9 ]
[ 873 0.8201664455433603 0.08944543828264759 0.29159241859711643 4.9 ]
[ 874 0.8081051742853698 0.08944543828264759 0.2753928397861656 4.9 ]
[ 875 0.8081051742853698 0.08944543828264759 0.2753928397861656 4.9 ]
[ 876 0.8081051742853698 0.08944543828264759 0.2753928397861656 4.9 ]
[ 877 0.8081051742853698 0.08944543828264759 0.2753928397861656 4.9 ]
[ 878 0.8081051742853698 0.08944543828264759 0.2753928397861656 4.9 ]
[ 879 0.7839826317693884 0.08944543828264759 0.24299368216426373 4.9 ]
[ 880 0.7839826317693884 0.08944543828264759 0.24299368216426373 4.9 ]
[ 881 0.7839826317693884 0.08944543828264759 0.24299368216426373 4.9 ]
[ 882 0.7839826317693884 0.08944543828264759 0.24299368216426373 4.9 ]
[ 883 0.7839826317693884 0.08944543828264759 0.24299368216426373 4.9 ]
[ 884 0.7839826317693884 0.08944543828264759 0.24299368216426373 4.9 ]
[ 885 0.7719213605113979 0.08944543828264759 0.2267941033533128 4.9 ]
[ 886 0.7719213605113979 0.08944543828264759 0.2267941033533128 4.9 ]
[ 887 0.7719213605113979 0.08944543828264759 0.2267941033533128 4.9 ]
[ 888 0.7719213605113979 0.08944543828264759 0.2267941033533128 4.9 ]
[ 889 0.7719213605113979 0.08944543828264759 0.2267941033533128 4.9 ]
[ 890 0.7719213605113979 0.08944543828264759 0.2267941033533128 4.9 ]
[ 891 0.7719213605113979 0.08944543828264759 0.2267941033533128 4.9 ]
[ 892 0.7719213605113979 0.08944543828264759 0.2267941033533128 4.9 ]
[ 893 0.7598600892534073 0.08944543828264759 0.2105945245423619 4.9 ]
[ 894 0.7598600892534073 0.08944543828264759 0.2105945245423619 4.9 ]
[ 895 0.7598600892534073 0.08944543828264759 0.2105945245423619 4.9 ]
[ 896 0.7477988179954167 0.08944543828264759 0.194394945731411 4.9 ]
[ 897 0.7357375467374261 0.08944543828264759 0.194394945731411 4.8 ]
[ 898 0.7236762754794356 0.08944543828264759 0.17819536692046006 4.8 ]
[ 899 0.7236762754794356 0.08944543828264759 0.17819536692046006 4.8 ]
[ 900 0.7236762754794356 0.08944543828264759 0.17819536692046006 4.8 ]
[ 901 2.8947051019177423 1.073345259391771 1.6847561963388953 12.4 ]
[ 902 0.796043903027379 0.17889087656529518 0.2591932609752146 4.8 ]
[ 903 5.475817151127728 0.9838998211091234 3.2075166045682812 24.5 ]
[ 904 3.7993004462670363 1.4311270125223614 1.6523570387169932 19.7 ]
[ 905 4.137016041490773 1.520572450805009 2.608132188563097 16.5 ]
[ 906 5.958268001447353 1.4311270125223614 4.114693017981533 22.400000000000002 ]
[ 907 7.2970691110843084 2.0572450805008944 5.054268589016686 27 ]
[ 908 9.407791581232662 3.2200357781753133 6.560829418435121 33.900000000000006 ]
[ 909 9.347485224942709 3.041144901610018 6.88482099465414 31.6 ]
[ 910 2.6414184054999397 0.9838998211091234 1.5875587234731898 11 ]
[ 911 1.6041490773127487 0.9838998211091234 0.9233759922242022 6.5 ]
[ 912 1.2664334820890122 0.8050089445438283 0.6641827312489875 5.5 ]
[ 913 5.6808587625135685 2.5044722719141324 4.309087963712944 17.7 ]
[ 914 8.75648293330117 3.8461538461538463 6.4150332091365625 28.7 ]
[ 915 1.6644554336027018 1.073345259391771 1.0853717803337113 5.8999999999999995 ]
[ 916 1.2784947533470028 0.9838998211091234 0.7289810464927912 5 ]
[ 917 1.1940658545410687 0.9838998211091234 0.6155839948161348 5 ]
[ 918 1.1458207695091063 0.9838998211091234 0.5507856795723312 5 ]
[ 919 4.69183451935834 2.3255813953488373 3.320913656244938 15.8 ]
[ 920 1.3146785671209744 0.8944543828264758 0.777579782925644 5.1 ]
[ 921 1.1458207695091063 0.8944543828264758 0.5669852583832821 5 ]
[ 922 4.378241466650585 2.5044722719141324 2.446136400453588 18.4 ]
[ 923 7.8277650464358945 4.203935599284437 5.7184513202656735 24.9 ]
[ 924 10.372693281871909 6.440071556350627 7.694799935201685 31.3 ]
[ 925 11.39790133880111 6.529516994633274 8.618175927425888 34 ]
[ 926 12.085393800506573 6.618962432915922 9.573951077271992 33.7 ]
[ 927 12.772886262212038 7.8711985688729875 10.027539283978616 35.199999999999996 ]
[ 928 13.086479314919794 9.123434704830053 10.675522436416653 32.4 ]
[ 929 4.462670365456519 2.3255813953488373 3.110319131702576 15.2 ]
[ 930 2.9791340007236764 2.146690518783542 2.2679410335331283 8.3 ]
[ 931 1.978048486310457 1.9677996422182469 1.3769641989308279 5.7 ]
[ 932 1.7368230611506452 1.8783542039355994 1.150170095577515 5.2 ]
[ 933 1.5679652635387769 1.8783542039355994 0.9395755710351531 5.1 ]
[ 934 1.507658907248824 1.7889087656529516 0.8909768346023004 5 ]
[ 935 1.507658907248824 1.7889087656529516 0.8909768346023004 5 ]
[ 936 1.4955976359908334 1.6994633273703041 0.8909768346023004 5 ]
[ 937 5.620552406223616 4.114490161001789 4.2280900696581885 15.9 ]
[ 938 1.7368230611506452 1.8783542039355994 1.1177709379556133 5.4 ]
[ 939 10.517428536967795 8.13953488372093 8.213186457152114 27.400000000000002 ]
[ 940 12.688457363406103 9.928443649373882 10.23813380852098 30.9 ]
[ 941 12.712579905922084 8.765652951699463 10.335331281386683 31.8 ]
[ 942 15.07658907248824 11.449016100178891 12.522274420865056 34.9 ]
[ 943 14.90773127487637 11.806797853309481 12.03628705653653 36.1 ]
[ 944 15.47461102400193 12.701252236135957 12.765268103029321 35.3 ]
[ 945 15.269569412616091 11.985688729874775 12.587072736108862 35.5 ]
[ 946 16.210348570739356 12.164579606440071 13.65624493763162 36.5 ]
[ 947 15.920878060547583 12.969588550983898 13.380852097845455 34.9 ]
[ 948 16.668676878543 13.864042933810374 14.255629353636806 34.699999999999996 ]
[ 949 17.018453745024726 13.685152057245082 14.109833144338246 38.7 ]
[ 950 17.802436376794116 14.579606440071558 15.42199902802527 36.1 ]
[ 951 17.73006874924617 14.847942754919499 15.017009557751498 37.7 ]
[ 952 18.453745024725606 14.75849731663685 16.037583022841407 37.5 ]
[ 953 18.09190688698589 15.384615384615385 15.24380366110481 38.7 ]
[ 954 18.827644433723314 15.384615384615385 16.361574599060425 37.9 ]
[ 955 18.29694849837173 15.56350626118068 15.681192289000487 37.5 ]
[ 956 17.645639850440237 14.847942754919499 15.146606188239106 36.199999999999996 ]
[ 957 18.694970449885417 16.547406082289804 15.567795237323828 40.400000000000006 ]
[ 958 17.802436376794116 12.880143112701253 15.76219018305524 35.9 ]
[ 959 8.792666747075142 5.366726296958855 6.998218046330795 23.7 ]
[ 960 8.008684115305753 4.651162790697675 6.496031103191317 21.099999999999998 ]
[ 961 7.248824026052346 4.651162790697675 6.139640369350397 17 ]
[ 962 6.52514775057291 4.651162790697675 5.880447108375182 12.6 ]
[ 963 5.825594017609456 4.651162790697675 5.362060586424753 10 ]
[ 964 5.331081896031842 4.651162790697675 5.038069010205735 7.9 ]
[ 965 4.824508503196237 4.651162790697675 4.519682488255306 6.9 ]
[ 966 4.498854179230491 4.651162790697675 4.2280900696581885 6 ]
[ 967 8.901218188397058 9.033989266547406 7.678600356390734 16.3 ]
[ 968 4.124954770232782 4.561717352415027 3.871699335817268 5.2 ]
[ 969 11.011940658545411 8.94454382826476 9.37955613154058 23.400000000000002 ]
[ 970 5.873839102641418 5.366726296958855 5.767050056698526 7.1 ]
[ 971 3.594258834881196 4.561717352415027 3.1427182893244776 5.3 ]
[ 972 5.065733928356049 4.740608228980322 4.859873643285274 6.7 ]
[ 973 3.220359425883488 4.47227191413238 2.6891300826178517 5.1 ]
[ 974 2.9791340007236764 4.382826475849732 2.3813380852097845 5.1 ]
[ 975 2.870582559401761 4.293381037567084 2.2517414547221772 5.1 ]
[ 976 2.822337474369798 4.293381037567084 2.1869431394783736 5.1 ]
[ 977 2.762031118079846 4.293381037567084 2.105945245423619 5.1 ]
[ 978 2.7258473043058737 4.293381037567084 2.0573465089907663 5.1 ]
[ 979 2.689663490531902 4.293381037567084 2.0087477725579133 5.1 ]
[ 980 2.6414184054999397 4.293381037567084 1.9439494573141098 5.1 ]
[ 981 2.629357134241949 4.293381037567084 1.9277498785031588 5.1 ]
[ 982 2.629357134241949 4.293381037567084 1.9277498785031588 5.1 ]
[ 983 2.605234591725968 4.293381037567084 1.895350720881257 5.1 ]
[ 984 2.581112049209987 4.203935599284437 1.8791511420703062 5.1 ]
[ 985 2.569050777951996 4.203935599284437 1.8629515632593554 5.1 ]
[ 986 2.5449282354360148 4.203935599284437 1.8305524056374534 5.1 ]
[ 987 2.508744421662043 4.114490161001789 1.7981532480155518 5.1 ]
[ 988 2.508744421662043 4.114490161001789 1.7981532480155518 5.1 ]
[ 989 2.508744421662043 4.114490161001789 1.7981532480155518 5.1 ]
[ 990 2.4966831504040528 4.114490161001789 1.7819536692046007 5.1 ]
[ 991 9.600771921360511 9.30232558139535 8.034991090231653 19.6 ]
[ 992 6.428657580508985 9.928443649373882 4.114693017981533 16.8 ]
[ 993 2.7258473043058737 4.293381037567084 1.9925481937469625 5.5 ]
[ 994 2.605234591725968 4.293381037567084 1.895350720881257 5.1 ]
[ 995 2.605234591725968 4.293381037567084 1.895350720881257 5.1 ]
[ 996 2.5449282354360148 4.293381037567084 1.8143528268265023 5.1 ]
[ 997 2.508744421662043 4.203935599284437 1.7819536692046007 5.1 ]
[ 998 2.4966831504040528 4.203935599284437 1.7657540903936497 5.1 ]
[ 999 2.4725606078880715 4.114490161001789 1.7495545115826987 5.1 ]
[ 1000 4.559160535520443 5.277280858676208 4.114693017981533 6.5 ]
[ 1001 6.416596309250995 7.602862254025045 4.989470273772882 13.900000000000002 ]
[ 1002 2.6776022192739117 4.203935599284437 2.0087477725579133 5.1 ]
[ 1003 2.484621879146062 4.203935599284437 1.7495545115826987 5.1 ]
[ 1004 2.4725606078880715 4.203935599284437 1.733354932771748 5.1 ]
[ 1005 6.066819442769268 7.5134168157423975 4.649279118742912 13.200000000000001 ]
[ 1006 6.271861054155107 9.123434704830053 3.9526972298720238 17.4 ]
[ 1007 3.618381377397178 4.651162790697675 2.7863275554835574 7.6 ]
[ 1008 9.456036666264623 11.270125223613595 6.965818888708894 22.8 ]
[ 1009 12.688457363406103 12.611806797853308 10.497327069496192 26.3 ]
[ 1010 6.0788807140272585 5.277280858676208 5.4430584804795075 10.9 ]
[ 1011 3.0756241707876013 4.293381037567084 2.3651385063988335 6.1 ]
[ 1012 2.689663490531902 4.293381037567084 1.9925481937469625 5.2 ]
[ 1013 2.484621879146062 4.293381037567084 1.733354932771748 5.1 ]
[ 1014 2.364009166566156 4.293381037567084 1.5875587234731898 5 ]
[ 1015 2.3037028102762034 4.114490161001789 1.538959987040337 5 ]
[ 1016 2.2916415390182125 4.114490161001789 1.522760408229386 5 ]
[ 1017 2.2675189965022313 4.114490161001789 1.4903612506074841 5 ]
[ 1018 2.2554577252442405 4.025044722719142 1.4903612506074841 5 ]
[ 1019 2.24339645398625 4.025044722719142 1.4741616717965331 5 ]
[ 1020 2.2072126402122785 4.025044722719142 1.4255629353636805 5 ]
[ 1021 2.1951513689542876 4.025044722719142 1.4093633565527297 5 ]
[ 1022 2.1951513689542876 4.025044722719142 1.4093633565527297 5 ]
[ 1023 2.134845012664335 3.8461538461538463 1.3607646201198769 5 ]
[ 1024 2.1107224701483536 3.7567084078711988 1.3445650413089258 5 ]
[ 1025 2.0865999276323723 3.667262969588551 1.328365462497975 5 ]
[ 1026 2.074538656374382 3.5778175313059033 1.328365462497975 5 ]
[ 1027 2.0383548426004103 3.488372093023256 1.2959663048760732 5 ]
[ 1028 2.0383548426004103 3.488372093023256 1.2959663048760732 5 ]
[ 1029 2.0383548426004103 3.488372093023256 1.2959663048760732 5 ]
[ 1030 2.0262935713424195 3.488372093023256 1.2797667260651224 5 ]
[ 1031 2.014232300084429 3.488372093023256 1.2635671472541714 5 ]
[ 1032 2.0021710288264383 3.488372093023256 1.2473675684432206 5 ]
[ 1033 1.9901097575684479 3.488372093023256 1.2311679896322696 5 ]
[ 1034 1.9659872150524664 3.309481216457961 1.2311679896322696 5 ]
[ 1035 1.9298034012784948 3.2200357781753133 1.1987688320103678 5 ]
[ 1036 1.9177421300205042 3.1305903398926653 1.1987688320103678 5 ]
[ 1037 1.9177421300205042 3.1305903398926653 1.1987688320103678 5 ]
[ 1038 1.9056808587625134 3.041144901610018 1.1987688320103678 5 ]
[ 1039 1.9056808587625134 3.041144901610018 1.1987688320103678 5 ]
[ 1040 1.8815583162465324 3.041144901610018 1.1663696743884657 5 ]
[ 1041 1.8574357737305511 3.041144901610018 1.1339705167665641 5 ]
[ 1042 1.8574357737305511 3.041144901610018 1.1339705167665641 5 ]
[ 1043 1.8212519599565793 2.9516994633273703 1.1015713591446623 5 ]
[ 1044 1.7850681461826077 2.862254025044723 1.0853717803337113 4.9 ]
[ 1045 1.773006874924617 2.862254025044723 1.0691722015227605 4.9 ]
[ 1046 1.7609456036666267 2.862254025044723 1.0691722015227605 4.8 ]
[ 1047 1.7368230611506452 2.6833631484794274 1.0691722015227605 4.8 ]
[ 1048 1.7368230611506452 2.6833631484794274 1.0691722015227605 4.8 ]
[ 1049 1.9659872150524664 2.6833631484794274 1.150170095577515 6.2 ]
[ 1050 1.688577976118683 2.59391771019678 1.0367730439008584 4.7 ]
[ 1051 1.62827161982873 2.5044722719141324 0.9881743074680059 4.6 ]
[ 1052 1.6162103485707395 2.5044722719141324 0.9881743074680059 4.5 ]
[ 1053 1.5679652635387769 2.3255813953488373 0.955775149846104 4.5 ]
[ 1054 1.4835363647328428 2.23613595706619 0.9233759922242022 4.1000000000000005 ]
[ 1055 1.4714750934748522 2.23613595706619 0.9071764134132512 4.1000000000000005 ]
[ 1056 1.387046194668918 2.23613595706619 0.8423780981694476 3.8 ]
[ 1057 1.3629236521529369 2.0572450805008944 0.8423780981694476 3.8 ]
[ 1058 1.2905560246049934 1.8783542039355994 0.7937793617365949 3.6999999999999997 ]
[ 1059 1.242310939573031 1.6994633273703041 0.7937793617365949 3.5000000000000004 ]
[ 1060 1.182004583283078 1.6100178890876566 0.7451806253037421 3.4000000000000004 ]
[ 1061 1.1699433120250875 1.6100178890876566 0.7451806253037421 3.3000000000000003 ]
[ 1062 1.1458207695091063 1.6100178890876566 0.7127814676818403 3.3000000000000003 ]
[ 1063 1.121698226993125 1.520572450805009 0.6965818888708893 3.3000000000000003 ]
[ 1064 1.0493305994451816 1.3416815742397137 0.6641827312489875 3.1 ]
[ 1065 1.037269328187191 1.3416815742397137 0.6479831524380366 3.1 ]
[ 1066 0.9890242431552285 1.2522361359570662 0.5993844160051839 3.1 ]
[ 1067 0.9890242431552285 1.2522361359570662 0.5993844160051839 3.1 ]
[ 1068 0.9407791581232662 1.2522361359570662 0.5507856795723312 3 ]
[ 1069 0.8684115305753226 1.1627906976744187 0.48598736432852746 2.9000000000000004 ]
[ 1070 0.8081051742853698 1.1627906976744187 0.4211890490847238 2.8000000000000003 ]
[ 1071 0.7477988179954167 1.073345259391771 0.37259031265187104 2.7 ]
[ 1072 0.6874924617054637 0.8944543828264758 0.3401911550299692 2.6 ]
[ 1073 0.651308647931492 0.8050089445438283 0.3077919974080674 2.6 ]
[ 1074 0.6030635628995297 0.8050089445438283 0.2753928397861656 2.4 ]
[ 1075 0.5186346640935955 0.5366726296958855 0.2105945245423619 2.4 ]
[ 1076 0.4703895790616331 0.4472271914132379 0.17819536692046006 2.3 ]
[ 1077 6.9714147871185626 4.47227191413238 6.204438684594201 14.499999999999998 ]
[ 1078 1.5800265347967677 1.3416815742397137 1.312165883687024 3.5000000000000004 ]
[ 1079 13.834278132915209 10.73345259391771 11.971488741292728 28.799999999999997 ]
[ 1080 9.914364974068267 10.73345259391771 7.678600356390734 22.8 ]
[ 1081 3.9802195151368958 4.651162790697675 3.353312813866839 7.1 ]
[ 1082 6.29598359667109 9.570661896243292 3.8554997570063176 17.7 ]
[ 1083 2.3881317090821375 3.8461538461538463 1.7657540903936497 4.6 ]
[ 1084 2.0865999276323723 3.7567084078711988 1.4093633565527297 4.3999999999999995 ]
[ 1085 1.869497044988542 3.488372093023256 1.1825692531994167 4.3 ]
[ 1086 1.6041490773127487 3.309481216457961 0.9233759922242022 3.9 ]
[ 1087 1.387046194668918 2.6833631484794274 0.7937793617365949 3.5999999999999996 ]
[ 1088 1.1458207695091063 2.415026833631485 0.5345861007613802 3.5000000000000004 ]
[ 1089 0.9890242431552285 1.9677996422182469 0.4373886278956747 3.3000000000000003 ]
[ 1090 6.320106139187071 7.6923076923076925 4.471083751822453 16.2 ]
[ 1091 1.326739838378965 2.9516994633273703 0.6965818888708893 3.4000000000000004 ]
[ 1092 1.0855144132191532 2.3255813953488373 0.5183865219504292 3.2 ]
[ 1093 0.9890242431552285 2.146690518783542 0.4211890490847238 3.2 ]
[ 1094 0.8081051742853698 1.6994633273703041 0.3239915762190183 2.8000000000000003 ]
[ 1095 0.6874924617054637 1.1627906976744187 0.29159241859711643 2.6 ]
[ 1096 0.5548184778675673 0.7155635062611807 0.2267941033533128 2.4 ]
[ 1097 0.5186346640935955 0.5366726296958855 0.2105945245423619 2.4 ]
[ 1098 0.45832830780364253 0.4472271914132379 0.17819536692046006 2.1999999999999997 ]
[ 1099 0.41008322277168013 0.26833631484794274 0.14579620929855822 2.1999999999999997 ]
[ 1100 0.37389940899770835 0.17889087656529518 0.1295966304876073 2.1 ]
[ 1101 0.3618381377397178 0.17889087656529518 0.1133970516766564 2.1 ]
[ 1102 0.3377155952237366 0.17889087656529518 0.08099789405475458 2.1 ]
[ 1103 0.325654323965746 0.17889087656529518 0.08099789405475458 2 ]
[ 1104 0.27740923893378366 0.17889087656529518 0.04859873643285275 1.7999999999999998 ]
[ 1105 0.25328669641780244 0.17889087656529518 0.032399157621901827 1.7000000000000002 ]
[ 1106 0.21710288264383065 0.17889087656529518 0.016199578810950913 1.5 ]
[ 1107 0.20504161138584007 0.08944543828264759 0.016199578810950913 1.5 ]
[ 1108 0.20504161138584007 0.08944543828264759 0.016199578810950913 1.5 ]
[ 1109 0.19298034012784948 0.08944543828264759 0.016199578810950913 1.4000000000000001 ]
[ 1110 0.1688577976118683 0 0.016199578810950913 1.3 ]
[ 1111 0.1567965263538777 0 0.016199578810950913 1.2 ]
[ 1112 0.1567965263538777 0 0.016199578810950913 1.2 ]
[ 1113 0.1447352550958871 0 0.016199578810950913 1.0999999999999999 ]
[ 1114 0.1447352550958871 0 0.016199578810950913 1.0999999999999999 ]
[ 1115 0.13267398383789653 0 0.016199578810950913 1 ]
[ 1116 0.12061271257990593 0 0.016199578810950913 0.8999999999999999 ]
[ 1117 0.08442889880593415 0 0 0.7000000000000001 ]
[ 1118 0.08442889880593415 0 0 0.7000000000000001 ]
[ 1119 0.08442889880593415 0 0 0.7000000000000001 ]
[ 1120 0.08442889880593415 0 0 0.7000000000000001 ]
[ 1121 0.08442889880593415 0 0 0.7000000000000001 ]
[ 1122 0.07236762754794356 0 0 0.6 ]
[ 1123 0.07236762754794356 0 0 0.6 ]
[ 1124 0.06030635628995296 0 0 0.5 ]
[ 1125 0.04824508503196237 0 0 0.4 ]
[ 1126 0.03618381377397178 0 0 0.3 ]
[ 1127 0.012061271257990593 0 0 0.1 ]
[ 1128 1.5438427210227958 0.08944543828264759 1.3769641989308279 4.2 ]
[ 1129 0.49451212157761426 0 0.4211890490847238 1.5 ]
[ 1130 0.325654323965746 0 0.2267941033533128 1.3 ]
[ 1131 0.22916415390182127 0 0.14579620929855822 1 ]
[ 1132 0.1688577976118683 0 0.1133970516766564 0.7000000000000001 ]
[ 1133 0.12061271257990593 0 0.08099789405475458 0.5 ]
[ 1134 0.06030635628995296 0 0.032399157621901827 0.3 ]
[ 1135 0.012061271257990593 0 0 0.1 ]
[ 1136 0.012061271257990593 0 0 0.1 ]
[ 1137 0.012061271257990593 0 0 0.1 ]
[ 1138 0.012061271257990593 0 0 0.1 ]
[ 1139 0.012061271257990593 0 0 0.1 ]
[ 1140 0.012061271257990593 0 0 0.1 ]
[ 1141 3.738994089977084 4.114490161001789 3.110319131702576 7.199999999999999 ]
[ 1142 0.5789410203835484 1.3416815742397137 0.4211890490847238 0.7000000000000001 ]
[ 1143 1.6403328910867205 2.5044722719141324 1.3607646201198769 2.4 ]
[ 1144 0.7236762754794356 2.0572450805008944 0.388789891462822 1.3 ]
[ 1145 0.5427572066095766 1.520572450805009 0.29159241859711643 1 ]
[ 1146 0.38596068025569896 0.9838998211091234 0.2105945245423619 0.8 ]
[ 1147 0.20504161138584007 0.35778175313059035 0.14579620929855822 0.4 ]
[ 1148 0.08442889880593415 0.17889087656529518 0.04859873643285275 0.2 ]
[ 1149 0.024122542515981185 0 0.016199578810950913 0.1 ]
[ 1150 0 0 0 0 ]
[ 1151 0 0 0 0 ]
[ 1152 0 0 0 0 ]
[ 1153 0 0 0 0 ]
[ 1154 0 0 0 0 ]
[ 1155 0 0 0 0 ]
[ 1156 0 0 0 0 ]
[ 1157 0 0 0 0 ]
[ 1158 0 0 0 0 ]
[ 1159 0 0 0 0 ]
[ 1160 0 0 0 0 ]
[ 1161 0 0 0 0 ]
[ 1162 0 0 0 0 ]
[ 1163 0 0 0 0 ]
[ 1164 0 0 0 0 ]
[ 1165 0 0 0 0 ]
[ 1166 0 0 0 0 ]
[ 1167 0 0 0 0 ]
[ 1168 0 0 0 0 ]
[ 1169 0 0 0 0 ]
[ 1170 0 0 0 0 ]
[ 1171 0 0 0 0 ]
[ 1172 0 0 0 0 ]
[ 1173 0 0 0 0 ]
[ 1174 0 0 0 0 ]
[ 1175 0 0 0 0 ]
[ 1176 0 0 0 0 ]
[ 1177 0 0 0 0 ]
[ 1178 0 0 0 0 ]
[ 1179 0 0 0 0 ]
[ 1180 0 0 0 0 ]
[ 1181 0 0 0 0 ]
[ 1182 0 0 0 0 ]
[ 1183 0 0 0 0 ]
[ 1184 0 0 0 0 ]
[ 1185 0 0 0 0 ]
[ 1186 0 0 0 0 ]
[ 1187 0 0 0 0 ]
[ 1188 0 0 0 0 ]
[ 1189 0 0 0 0 ]
[ 1190 0 0 0 0 ]
[ 1191 0 0 0 0 ]
[ 1192 0 0 0 0 ]
[ 1193 0 0 0 0 ]
[ 1194 0 0 0 0 ]
[ 1195 0 0 0 0 ]
[ 1196 0 0 0 0 ]
[ 1197 0 0 0 0 ]
[ 1198 0 0 0 0 ]
[ 1199 0 0 0 0 ]
[ 1200 0 0 0 0 ]
[ 1201 8.020745386563743 6.797853309481217 6.917220152276041 16.2 ]
[ 1202 16.608370522253047 13.327370304114492 14.903612506074843 30.8 ]
[ 1203 17.163189000120614 13.506261180679784 14.806415033209136 35.8 ]
[ 1204 19.044747316367143 14.042933810375672 17.18775311841892 36.1 ]
[ 1205 9.021830900976962 6.350626118067979 8.407581402883526 15.8 ]
[ 1206 15.752020262935714 13.059033989266547 13.65624493763162 31.7 ]
[ 1207 13.400072367627548 11.359570661896242 12.279280738700795 22.6 ]
[ 1208 18.56229646604752 15.742397137745975 16.50737080835898 34.4 ]
[ 1209 5.994451815221325 5.724508050089446 5.410659322857605 9.9 ]
[ 1210 4.4867929079725 5.456171735241503 4.033695123926778 6.2 ]
[ 1211 3.7993004462670363 4.919499105545618 3.320913656244938 5.5 ]
[ 1212 3.340972138463394 4.919499105545618 2.770127976672607 5.1 ]
[ 1213 3.147991798335545 4.83005366726297 2.527134294508343 5.1 ]
[ 1214 3.0515016282716196 4.740608228980322 2.4137372428316866 5.1 ]
[ 1215 2.9791340007236764 4.561717352415027 2.3489389275878825 5.1 ]
[ 1216 2.918827644433723 4.203935599284437 2.3489389275878825 5 ]
[ 1217 2.8826438306597515 4.025044722719142 2.3327393487769315 5 ]
[ 1218 2.822337474369798 4.025044722719142 2.2517414547221772 5 ]
[ 1219 2.7258473043058737 3.8461538461538463 2.1707435606674226 4.9 ]
[ 1220 2.6414184054999397 3.667262969588551 2.089745666612668 4.9 ]
[ 1221 2.5449282354360148 3.309481216457961 2.0249473513688643 4.9 ]
[ 1222 2.4122542515981187 2.9516994633273703 1.911550299692208 4.9 ]
[ 1223 2.339886624050175 2.9516994633273703 1.8143528268265023 4.9 ]
[ 1224 2.158967555180316 2.6833631484794274 1.6199578810950916 4.9 ]
[ 1225 2.0021710288264383 2.6833631484794274 1.4093633565527297 4.9 ]
[ 1226 1.8815583162465324 2.5044722719141324 1.2797667260651224 4.9 ]
[ 1227 1.8333132312145701 2.3255813953488373 1.2473675684432206 4.9 ]
[ 1228 1.7609456036666267 1.9677996422182469 1.2149684108213186 4.9 ]
[ 1229 1.6644554336027018 1.6994633273703041 1.1339705167665641 4.9 ]
[ 1230 1.5438427210227958 1.6994633273703041 1.0367730439008584 4.5 ]
[ 1231 1.3146785671209744 1.073345259391771 0.8909768346023004 4.2 ]
[ 1232 1.1458207695091063 0.8050089445438283 0.7451806253037421 4 ]
[ 1233 1.0131467856712097 0.7155635062611807 0.6155839948161348 3.8 ]
[ 1234 0.9287178868652756 0.7155635062611807 0.5345861007613802 3.5999999999999996 ]
[ 1235 0.8804728018333133 0.7155635062611807 0.48598736432852746 3.5000000000000004 ]
[ 1236 0.8201664455433603 0.7155635062611807 0.4049894702737729 3.5000000000000004 ]
[ 1237 0.711615004221445 0.6261180679785331 0.3239915762190183 3.2 ]
[ 1238 0.6030635628995297 0.6261180679785331 0.2105945245423619 3 ]
[ 1239 0.5548184778675673 0.6261180679785331 0.16199578810950915 2.9000000000000004 ]
[ 1240 0.4462670365456519 0.4472271914132379 0.0971974728657055 2.6 ]
[ 1241 0.41008322277168013 0.35778175313059035 0.06479831524380365 2.6 ]
[ 1242 0.38596068025569896 0.35778175313059035 0.04859873643285275 2.5 ]
[ 1243 0.6995537329634544 0.35778175313059035 0.2105945245423619 4.1000000000000005 ]
[ 1244 0.27740923893378366 0.26833631484794274 0.016199578810950913 1.9 ]
[ 1245 0.24122542515981185 0.17889087656529518 0 1.7999999999999998 ]
[ 1246 0.20504161138584007 0.08944543828264759 0 1.6 ]
[ 1247 0.1688577976118683 0.08944543828264759 0 1.3 ]
[ 1248 0.1567965263538777 0.08944543828264759 0 1.2 ]
[ 1249 0.09649017006392474 0 0 0.8 ]
[ 1250 0.08442889880593415 0 0 0.7000000000000001 ]
[ 1251 0.06030635628995296 0 0 0.5 ]
[ 1252 0.06030635628995296 0 0 0.5 ]
[ 1253 0.03618381377397178 0 0 0.3 ]
[ 1254 0.024122542515981185 0 0 0.2 ]
[ 1255 0.024122542515981185 0 0 0.2 ]
[ 1256 0.012061271257990593 0 0 0.1 ]
[ 1257 4.9933663008081055 4.83005366726297 4.049894702737729 11 ]
[ 1258 0.8322277168013509 1.2522361359570662 0.6641827312489875 1.4000000000000001 ]
[ 1259 1.9298034012784948 2.415026833631485 1.6199578810950916 3.3000000000000003 ]
[ 1260 0.711615004221445 1.3416815742397137 0.4211890490847238 1.7999999999999998 ]
[ 1261 0.5306959353515861 0.8944543828264758 0.3401911550299692 1.3 ]
[ 1262 0.3377155952237366 0.5366726296958855 0.194394945731411 1 ]
[ 1263 0.24122542515981185 0.4472271914132379 0.1133970516766564 0.8 ]
[ 1264 0.1688577976118683 0.4472271914132379 0.08099789405475458 0.4 ]
[ 1265 0.08442889880593415 0.26833631484794274 0.016199578810950913 0.3 ]
[ 1266 0.04824508503196237 0.08944543828264759 0.016199578810950913 0.2 ]
[ 1267 0.03618381377397178 0.08944543828264759 0 0.2 ]
[ 1268 0.024122542515981185 0.08944543828264759 0 0.1 ]
[ 1269 0.024122542515981185 0.08944543828264759 0 0.1 ]
[ 1270 0.012061271257990593 0 0 0.1 ]
[ 1271 0 0 0 0 ]
[ 1272 0 0 0 0 ]
[ 1273 0 0 0 0 ]
[ 1274 0 0 0 0 ]
[ 1275 0 0 0 0 ]
[ 1276 0 0 0 0 ]
[ 1277 0 0 0 0 ]
[ 1278 0 0 0 0 ]
[ 1279 0 0 0 0 ]
[ 1280 0 0 0 0 ]
[ 1281 0 0 0 0 ]
[ 1282 4.47473163671451 6.708407871198569 2.3975376640207355 14.799999999999999 ]
[ 1283 0.49451212157761426 1.1627906976744187 0.2267941033533128 1.4000000000000001 ]
[ 1284 0.41008322277168013 0.8944543828264758 0.16199578810950915 1.4000000000000001 ]
[ 1285 1.9056808587625134 2.146690518783542 1.5713591446622388 3.6999999999999997 ]
[ 1286 0.6754311904474732 1.1627906976744187 0.4535882067066256 1.5 ]
[ 1287 6.597515378120853 6.261180679785331 5.637453426210919 12.9 ]
[ 1288 1.3991074659269087 2.146690518783542 1.1825692531994167 1.9 ]
[ 1289 1.0734531419611626 2.0572450805008944 0.7937793617365949 1.7000000000000002 ]
[ 1290 0.7719213605113979 1.1627906976744187 0.5831848371942329 1.5 ]
[ 1291 0.5668797491255578 0.8944543828264758 0.4535882067066256 0.8999999999999999 ]
[ 1292 0.4342057652876613 0.7155635062611807 0.3239915762190183 0.8 ]
[ 1293 0.24122542515981185 0.4472271914132379 0.14579620929855822 0.6 ]
[ 1294 0.13267398383789653 0.08944543828264759 0.08099789405475458 0.5 ]
[ 1295 0.10855144132191533 0.08944543828264759 0.06479831524380365 0.4 ]
[ 1296 3.8837293450729704 5.813953488372093 2.2355418759112267 11.899999999999999 ]
[ 1297 0.591002291641539 1.3416815742397137 0.3077919974080674 1.5 ]
[ 1298 0.4342057652876613 1.1627906976744187 0.194394945731411 1.0999999999999999 ]
[ 1299 0.2894705101917742 0.8050089445438283 0.1295966304876073 0.7000000000000001 ]
[ 1300 0.21710288264383065 0.6261180679785331 0.08099789405475458 0.6 ]
[ 1301 0.12061271257990593 0.35778175313059035 0.04859873643285275 0.3 ]
[ 1302 0.06030635628995296 0.26833631484794274 0 0.2 ]
[ 1303 3.618381377397178 4.203935599284437 2.7863275554835574 8.1 ]
[ 1304 0.5427572066095766 0.8944543828264758 0.46978778551757655 0.6 ]
[ 1305 0.325654323965746 0.7155635062611807 0.2105945245423619 0.6 ]
[ 1306 0.22916415390182127 0.6261180679785331 0.0971974728657055 0.6 ]
[ 1307 0.19298034012784948 0.5366726296958855 0.06479831524380365 0.6 ]
[ 1308 0.1447352550958871 0.26833631484794274 0.06479831524380365 0.5 ]
[ 1309 0.024122542515981185 0.08944543828264759 0 0.1 ]
[ 1310 0.012061271257990593 0 0 0.1 ]
[ 1311 0 0 0 0 ]
[ 1312 0 0 0 0 ]
[ 1313 0 0 0 0 ]
[ 1314 0 0 0 0 ]
[ 1315 0 0 0 0 ]
[ 1316 0 0 0 0 ]
[ 1317 0 0 0 0 ]
[ 1318 0 0 0 0 ]
[ 1319 0 0 0 0 ]
[ 1320 0 0 0 0 ]
[ 1321 1.7368230611506452 1.4311270125223614 1.6037583022841406 2.9000000000000004 ]
[ 1322 5.91002291641539 2.23613595706619 7.127814676818403 2.5 ]
[ 1323 5.186346640935954 3.667262969588551 5.281062692369998 6.3 ]
[ 1324 15.800265347967676 12.343470483005367 14.806415033209136 25.8 ]
[ 1325 3.7993004462670363 4.83005366726297 3.3695123926777906 5.3 ]
[ 1326 2.774092389337836 3.8461538461538463 2.316539769965981 4.3999999999999995 ]
[ 1327 2.3278253527921846 3.3989266547406083 1.8791511420703062 3.9 ]
[ 1328 2.014232300084429 2.9516994633273703 1.5875587234731898 3.5999999999999996 ]
[ 1329 7.912193945241828 7.960644007155635 6.722825206544631 15.2 ]
[ 1330 2.4122542515981187 3.5778175313059033 1.9439494573141098 4 ]
[ 1331 9.914364974068267 7.78175313059034 8.731572979102543 19.6 ]
[ 1332 7.695091062597998 9.749552772808586 5.3134618499919 20.1 ]
[ 1333 2.6776022192739117 4.47227191413238 1.9763486149360119 5 ]
[ 1334 2.2916415390182125 4.025044722719142 1.7009557751498463 4 ]
[ 1335 7.695091062597998 8.94454382826476 6.155839948161348 15.8 ]
[ 1336 2.424315522856109 4.025044722719142 1.8629515632593554 4.1000000000000005 ]
[ 1337 12.688457363406103 12.611806797853308 11.112911064312328 22.5 ]
[ 1338 18.57435773730551 16.636851520572453 16.588368702413735 33 ]
[ 1339 15.269569412616091 13.148479427549194 13.753442410497327 27 ]
[ 1340 5.29489808225787 6.261180679785331 4.730277012797667 7.7 ]
[ 1341 4.0043420576528765 5.277280858676208 3.223716183379232 7.3999999999999995 ]
[ 1342 3.099746713303582 4.919499105545618 2.462335979264539 5 ]
[ 1343 2.8947051019177423 4.740608228980322 2.2193422971002756 5 ]
[ 1344 2.737908575563864 4.47227191413238 2.0573465089907663 5 ]
[ 1345 3.7751779037510556 5.277280858676208 3.126518710513527 6.1 ]
[ 1346 2.4966831504040528 4.382826475849732 1.7981532480155518 4.7 ]
[ 1347 2.24339645398625 3.9355992844364938 1.555159565851288 4.6 ]
[ 1348 2.0262935713424195 3.488372093023256 1.3607646201198769 4.5 ]
[ 1349 1.869497044988542 3.2200357781753133 1.1987688320103678 4.5 ]
[ 1350 12.00096490170064 13.059033989266547 9.784545601814353 24.5 ]
[ 1351 2.65347967675793 5.277280858676208 1.7981532480155518 5 ]
[ 1352 2.2916415390182125 4.83005366726297 1.4255629353636805 4.8 ]
[ 1353 2.0383548426004103 4.114490161001789 1.2311679896322696 4.7 ]
[ 1354 9.082137257266917 10.196779964221825 7.111615098007452 20 ]
[ 1355 2.1107224701483536 4.47227191413238 1.2635671472541714 4.7 ]
[ 1356 1.712700518634664 3.488372093023256 0.9233759922242022 4.6 ]
[ 1357 8.515257508141358 8.85509838998211 7.176413413251255 16.400000000000002 ]
[ 1358 2.2916415390182125 4.293381037567084 1.5713591446622388 4.5 ]
[ 1359 5.994451815221325 7.8711985688729875 4.519682488255306 13 ]
[ 1360 1.978048486310457 3.667262969588551 1.312165883687024 4.2 ]
[ 1361 1.6403328910867205 3.309481216457961 0.9233759922242022 4.2 ]
[ 1362 1.3388011096369559 2.6833631484794274 0.6803823100599384 3.9 ]
[ 1363 1.0734531419611626 1.9677996422182469 0.46978778551757655 3.8 ]
[ 1364 0.9166566156072851 1.4311270125223614 0.388789891462822 3.5999999999999996 ]
[ 1365 0.796043903027379 1.2522361359570662 0.2753928397861656 3.5000000000000004 ]
[ 1366 0.6754311904474732 1.1627906976744187 0.16199578810950915 3.3000000000000003 ]
[ 1367 0.651308647931492 1.1627906976744187 0.1295966304876073 3.3000000000000003 ]
[ 1368 0.591002291641539 0.8944543828264758 0.1133970516766564 3.2 ]
[ 1369 6.404535037993004 6.171735241502684 5.13526648307144 14.499999999999998 ]
[ 1370 1.42323000844289 2.0572450805008944 0.955775149846104 3.5999999999999996 ]
[ 1371 14.775057291038477 13.685152057245082 12.781467681840272 28.299999999999997 ]
[ 1372 19.225666385237002 17.262969588550984 17.398347642961284 32.7 ]
[ 1373 4.498854179230491 6.082289803220036 3.839300178195367 6.800000000000001 ]
[ 1374 3.280665782173441 5.098389982110913 2.672930503806901 5 ]
[ 1375 8.068990471595706 9.033989266547406 6.836222258221286 14.6 ]
[ 1376 9.600771921360511 11.717352415026834 7.500404989470273 20.200000000000003 ]
[ 1377 3.0635628995296105 5.456171735241503 2.3327393487769315 4.9 ]
[ 1378 2.508744421662043 4.740608228980322 1.7819536692046007 4.5 ]
[ 1379 8.599686406947292 9.123434704830053 7.484205410659323 14.899999999999999 ]
[ 1380 12.905560246049932 14.579606440071558 10.043738862789567 28.7 ]
[ 1381 3.2927270534314315 5.724508050089446 2.462335979264539 5.7 ]
[ 1382 2.665540948015921 5.18783542039356 1.8305524056374534 5 ]
[ 1383 2.520805692920034 5.008944543828265 1.6847561963388953 4.9 ]
[ 1384 2.2313351827282597 4.47227191413238 1.3931637777417787 4.9 ]
[ 1385 3.2082981546254974 5.366726296958855 2.3975376640207355 5.800000000000001 ]
[ 1386 14.42528042455675 12.880143112701253 13.380852097845455 22.6 ]
[ 1387 3.3892172234953564 5.456171735241503 2.7539283978616558 5 ]
[ 1388 2.737908575563864 5.098389982110913 1.9925481937469625 4.7 ]
[ 1389 2.3760704378241466 4.382826475849732 1.6523570387169932 4.6 ]
[ 1390 2.0865999276323723 3.9355992844364938 1.4093633565527297 4.2 ]
[ 1391 1.773006874924617 3.5778175313059033 1.0691722015227605 4.1000000000000005 ]
[ 1392 1.4955976359908334 2.9516994633273703 0.8261785193584966 4 ]
[ 1393 1.387046194668918 2.9516994633273703 0.7127814676818403 3.8 ]
[ 1394 1.2664334820890122 2.6833631484794274 0.6641827312489875 3.4000000000000004 ]
[ 1395 5.668797491255578 7.334525939177102 4.147092175603434 13.200000000000001 ]
[ 1396 1.411168737184899 2.6833631484794274 0.8585776769803984 3.4000000000000004 ]
[ 1397 9.528404293812567 8.94454382826476 8.018791511420703 19.5 ]
[ 1398 5.7170425762875405 8.676207513416816 3.644905232463956 15.2 ]
[ 1399 1.7488843324086358 3.3989266547406083 1.0853717803337113 4 ]
[ 1400 1.4955976359908334 3.041144901610018 0.8909768346023004 3.5000000000000004 ]
[ 1401 4.9933663008081055 5.635062611806798 3.9364976510610723 10.8 ]
[ 1402 9.685200820166445 10.554561717352415 7.516604568281225 22.1 ]
[ 1403 7.936316487757809 8.94454382826476 6.431232787947513 16.1 ]
[ 1404 2.3881317090821375 4.203935599284437 1.6685566175279443 4.8 ]
[ 1405 9.287178868652756 11.001788908765652 7.694799935201685 17.2 ]
[ 1406 13.146785671209745 10.37567084078712 12.668070630163616 19.2 ]
[ 1407 19.635749608008684 17.79964221824687 17.36594848533938 35.699999999999996 ]
[ 1408 19.165360028947052 17.71019677996422 17.673740482747448 30 ]
[ 1409 6.090941985285249 7.2450805008944545 5.556455532156164 8.1 ]
[ 1410 4.643589434326378 6.708407871198569 4.147092175603434 5.4 ]
[ 1411 3.546013749849234 6.440071556350627 2.770127976672607 5.1 ]
[ 1412 3.25654323965746 5.992844364937388 2.494735136886441 4.9 ]
[ 1413 3.0273790857556384 5.545617173524151 2.2679410335331283 4.9 ]
[ 1414 2.870582559401761 5.456171735241503 2.089745666612668 4.8 ]
[ 1415 2.7258473043058737 5.008944543828265 1.9925481937469625 4.7 ]
[ 1416 2.569050777951996 4.651162790697675 1.8467519844484044 4.7 ]
[ 1417 2.3037028102762034 4.025044722719142 1.6361574599060422 4.5 ]
[ 1418 5.379326981063804 3.8461538461538463 5.84804795075328 4.2 ]
[ 1419 2.3278253527921846 3.3989266547406083 1.8791511420703062 3.9 ]
[ 1420 2.098661198890363 3.041144901610018 1.6361574599060422 3.9 ]
[ 1421 1.953925943794476 2.9516994633273703 1.5065608294184352 3.5999999999999996 ]
[ 1422 1.7609456036666267 2.7728085867620753 1.312165883687024 3.4000000000000004 ]
[ 1423 1.5317814497648052 2.59391771019678 1.0529726227118095 3.3000000000000003 ]
[ 0 0.6030635628995297 4.47227191413238 0 0 ]
[ 1 0.6030635628995297 4.47227191413238 0 0 ]
[ 0 0.6030635628995297 4.47227191413238 0 0 ]
[ 2 0.6030635628995297 4.47227191413238 0 0 ]
[ 1 0.6030635628995297 4.47227191413238 0 0 ]
[ 3 0.6030635628995297 4.47227191413238 0 0 ]
[ 4 0.5186346640935955 3.8461538461538463 0 0 ]
[ 0 0.6030635628995297 4.47227191413238 0 0 ]
[ 5 0.5186346640935955 3.8461538461538463 0 0 ]
[ 2 0.6030635628995297 4.47227191413238 0 0 ]
[ 6 0.3497768664817272 2.59391771019678 0 0 ]
[ 3 0.6030635628995297 4.47227191413238 0 0 ]
[ 1 0.6030635628995297 4.47227191413238 0 0 ]
[ 7 0.3497768664817272 2.59391771019678 0 0 ]
[ 4 0.5186346640935955 3.8461538461538463 0 0 ]
[ 2 0.6030635628995297 4.47227191413238 0 0 ]
[ 8 0.20504161138584007 1.520572450805009 0 0 ]
[ 5 0.5186346640935955 3.8461538461538463 0 0 ]
[ 3 0.6030635628995297 4.47227191413238 0 0 ]
